xof 0303txt 0064

// Created with Milkshape 3D DirectX .X File Exporter V2.0
// Copyright (c) 2001 by Jim Adams.  All Rights Reserved.

Header {
  1;
  0;
  1;
}

template XSkinMeshHeader {
  <3cf169ce-ff7c-44ab-93c0-f78f62d172e2>
  WORD nMaxSkinWeightsPerVertex;
  WORD nMaxSkinWeightsPerFace;
  WORD nBones;
}

template SkinWeights {
  <6f0d123b-bad2-4167-a0d0-80224f25fabb>
  STRING transformNodeName;
  DWORD nWeights;
  array DWORD vertexIndices[nWeights];
  array float weights[nWeights];
  Matrix4x4 matrixOffset;
}

Frame Bip01 {
  FrameTransformMatrix {
    0.000001,0.000000,1.000000,0.000000,
    1.000000,-0.000000,-0.000001,0.000000,
    0.000000,1.000000,-0.000000,0.000000,
    0.233847,39.526119,-1.626863,1.000000;;
  }
  Frame Bip01_Pelvis {
    FrameTransformMatrix {
      0.000345,0.000000,1.000000,0.000000,
      1.000000,0.000001,-0.000345,0.000000,
      -0.000001,1.000000,0.000000,0.000000,
      0.866403,0.000000,0.000000,1.000000;;
    }
    Frame Bip01_L_Leg {
      FrameTransformMatrix {
        -0.315523,0.923286,0.219064,0.000000,
        0.944981,0.326734,-0.016005,0.000000,
        -0.086353,0.201961,-0.975579,0.000000,
        -0.000011,0.000012,7.463642,1.000000;;
      }
      Frame Bip01_L_Leg1 {
        FrameTransformMatrix {
          -0.905398,-0.424563,0.000000,0.000000,
          0.424563,-0.905398,0.000000,0.000000,
          0.000000,0.000000,1.000000,0.000000,
          28.762728,0.000001,0.000000,1.000000;;
        }
        Frame Bip01_L_HorseLink {
          FrameTransformMatrix {
            -0.124994,0.992158,0.000000,0.000000,
            -0.992158,-0.124994,0.000000,0.000000,
            0.000000,0.000000,1.000000,0.000000,
            27.522339,0.000000,0.000000,1.000000;;
          }
          Frame Bip01_L_Foot {
            FrameTransformMatrix {
              0.968445,-0.236762,0.077837,0.000000,
              0.246587,0.955599,-0.161325,0.000000,
              -0.036185,0.175428,0.983827,0.000000,
              24.450602,-0.000001,0.000001,1.000000;;
            }
          }
        }
      }
    }
    Frame Bip01_R_Leg {
      FrameTransformMatrix {
        -0.315522,0.923285,-0.219067,0.000000,
        0.944981,0.326734,0.016007,0.000000,
        0.086355,-0.201963,-0.975579,0.000000,
        0.000010,-0.000009,-7.463642,1.000000;;
      }
      Frame Bip01_R_Leg1 {
        FrameTransformMatrix {
          -0.905398,-0.424563,0.000000,0.000000,
          0.424563,-0.905398,0.000000,0.000000,
          0.000000,0.000000,1.000000,0.000000,
          28.762726,-0.000003,-0.000001,1.000000;;
        }
        Frame Bip01_R_HorseLink {
          FrameTransformMatrix {
            -0.124994,0.992158,0.000000,0.000000,
            -0.992158,-0.124994,0.000000,0.000000,
            0.000000,0.000000,1.000000,0.000000,
            27.522339,0.000000,0.000000,1.000000;;
          }
          Frame Bip01_R_Foot {
            FrameTransformMatrix {
              0.968445,-0.236762,-0.077837,0.000000,
              0.246587,0.955599,0.161325,0.000000,
              0.036185,-0.175428,0.983827,0.000000,
              24.450602,-0.000001,-0.000001,1.000000;;
            }
          }
        }
      }
    }
    Frame Bip01_Spine {
      FrameTransformMatrix {
        0.999080,-0.042881,0.000001,0.000000,
        0.042881,0.999080,-0.000004,0.000000,
        -0.000001,0.000004,1.000000,0.000000,
        1.293007,0.684455,-0.000003,1.000000;;
      }
      Frame Bip01_Spine1 {
        FrameTransformMatrix {
          0.803836,0.594851,0.000002,0.000000,
          -0.594851,0.803836,0.000000,0.000000,
          -0.000002,-0.000001,1.000000,0.000000,
          5.314456,-0.006088,0.000000,1.000000;;
        }
        Frame Bip01_Spine2 {
          FrameTransformMatrix {
            0.945503,0.325614,0.000001,0.000000,
            -0.325614,0.945503,0.000000,0.000000,
            -0.000001,-0.000000,1.000000,0.000000,
            9.511649,-0.005829,0.000000,1.000000;;
          }
          Frame Bip01_Spine3 {
            FrameTransformMatrix {
              0.999848,0.017443,0.000000,0.000000,
              -0.017443,0.999848,0.000000,0.000000,
              0.000000,0.000000,1.000000,0.000000,
              7.738745,-0.005305,0.000000,1.000000;;
            }
            Frame Bip01_Neck {
              FrameTransformMatrix {
                0.139410,0.990235,0.000003,0.000000,
                -0.990235,0.139410,-0.000003,0.000000,
                -0.000003,-0.000003,1.000000,0.000000,
                6.671453,-0.001395,0.000000,1.000000;;
              }
              Frame Bip01_Head {
                FrameTransformMatrix {
                  -0.500622,-0.865666,-0.000003,0.000000,
                  0.865666,-0.500622,-0.000004,0.000000,
                  0.000002,-0.000005,1.000000,0.000000,
                  12.527544,-0.000001,0.000000,1.000000;;
                }
                Frame Dummy08 {
                  FrameTransformMatrix {
                    -0.275500,-0.961301,-0.000001,0.000000,
                    0.961301,-0.275500,-0.000001,0.000000,
                    0.000001,-0.000001,1.000000,0.000000,
                    1.537173,0.811103,-0.213145,1.000000;;
                  }
                }
              }
              Frame Bip01_L_Arm {
                FrameTransformMatrix {
                  -0.027540,0.196749,0.980067,0.000000,
                  -0.990346,-0.138621,-0.000001,0.000000,
                  0.135858,-0.970605,0.198667,0.000000,
                  0.242492,4.314936,9.963778,1.000000;;
                }
                Frame Bip01_L_Arm1 {
                  FrameTransformMatrix {
                    0.980472,0.069236,0.184070,0.000000,
                    0.109566,0.584949,-0.803635,0.000000,
                    -0.163312,0.808109,0.565940,0.000000,
                    4.972047,0.000000,-0.000001,1.000000;;
                  }
                  Frame Bip01_L_Arm2 {
                    FrameTransformMatrix {
                      0.998667,-0.051624,0.000000,0.000000,
                      0.051624,0.998667,0.000000,0.000000,
                      0.000000,0.000000,1.000000,0.000000,
                      16.565973,0.000000,-0.000001,1.000000;;
                    }
                    Frame Bip01_L_Hand {
                      FrameTransformMatrix {
                        0.997567,-0.069721,0.000000,0.000000,
                        0.000073,0.001042,-0.999999,0.000000,
                        0.069721,0.997566,0.001044,0.000000,
                        17.519812,0.000000,-0.000002,1.000000;;
                      }
                      Frame Bip01_L_Finger0 {
                        FrameTransformMatrix {
                          0.376337,0.332163,-0.864892,0.000000,
                          -0.326500,0.921181,0.211713,0.000000,
                          0.867046,0.202712,0.455126,0.000000,
                          2.745270,0.196392,-2.979437,1.000000;;
                        }
                        Frame Bip01_L_Finger01 {
                          FrameTransformMatrix {
                            1.000000,0.000000,0.000000,0.000000,
                            0.000000,1.000000,0.000000,0.000000,
                            0.000000,0.000000,1.000000,0.000000,
                            3.240278,-0.000006,0.000001,1.000000;;
                          }
                          Frame Bip01_L_Finger02 {
                            FrameTransformMatrix {
                              1.000000,0.000000,0.000000,0.000000,
                              0.000000,1.000000,0.000000,0.000000,
                              0.000000,0.000000,1.000000,0.000000,
                              3.489533,0.000005,0.000002,1.000000;;
                            }
                          }
                        }
                      }
                      Frame Bip01_L_Finger1 {
                        FrameTransformMatrix {
                          0.999049,0.000046,0.043597,0.000000,
                          -0.000000,0.999999,-0.001044,0.000000,
                          -0.043597,0.001043,0.999049,0.000000,
                          4.803905,-0.764936,-0.079127,1.000000;;
                        }
                        Frame Bip01_L_Finger11 {
                          FrameTransformMatrix {
                            0.986313,0.164882,0.000000,0.000000,
                            -0.164882,0.986313,0.000000,0.000000,
                            0.000000,0.000000,1.000000,0.000000,
                            2.575606,0.000001,0.000000,1.000000;;
                          }
                          Frame Bip01_L_Finger12 {
                            FrameTransformMatrix {
                              1.000000,0.000000,0.000000,0.000000,
                              0.000000,1.000000,0.000000,0.000000,
                              0.000000,0.000000,1.000000,0.000000,
                              2.658690,-0.000005,0.000000,1.000000;;
                            }
                          }
                        }
                      }
                    }
                  }
                }
              }
              Frame Bip01_R_Arm {
                FrameTransformMatrix {
                  -0.027540,0.196755,-0.980066,0.000000,
                  -0.990346,-0.138621,-0.000000,0.000000,
                  -0.135858,0.970604,0.198673,0.000000,
                  0.242492,4.315018,-9.963761,1.000000;;
                }
                Frame Bip01_R_Arm1 {
                  FrameTransformMatrix {
                    0.982234,0.079435,-0.170017,0.000000,
                    0.092437,0.583652,0.806726,0.000000,
                    0.163313,-0.808109,0.565940,0.000000,
                    4.972048,0.000000,-0.000001,1.000000;;
                  }
                  Frame Bip01_R_Arm2 {
                    FrameTransformMatrix {
                      0.998667,-0.051624,0.000000,0.000000,
                      0.051624,0.998667,0.000000,0.000000,
                      0.000000,0.000000,1.000000,0.000000,
                      16.565969,0.000000,0.000001,1.000000;;
                    }
                    Frame Bip01_R_Hand {
                      FrameTransformMatrix {
                        0.997567,-0.069721,0.000000,0.000000,
                        0.000073,0.001042,0.999999,0.000000,
                        -0.069721,-0.997566,0.001044,0.000000,
                        17.519806,0.000000,-0.000001,1.000000;;
                      }
                      Frame Bip01_R_Finger0 {
                        FrameTransformMatrix {
                          0.376337,0.332163,0.864892,0.000000,
                          -0.326500,0.921181,-0.211713,0.000000,
                          -0.867046,-0.202712,0.455126,0.000000,
                          2.745271,0.196391,2.979438,1.000000;;
                        }
                        Frame Bip01_R_Finger01 {
                          FrameTransformMatrix {
                            1.000000,0.000000,0.000000,0.000000,
                            0.000000,1.000000,0.000000,0.000000,
                            0.000000,0.000000,1.000000,0.000000,
                            3.240279,0.000001,-0.000002,1.000000;;
                          }
                          Frame Bip01_R_Finger02 {
                            FrameTransformMatrix {
                              1.000000,0.000000,0.000000,0.000000,
                              0.000000,1.000000,0.000000,0.000000,
                              0.000000,0.000000,1.000000,0.000000,
                              3.489527,-0.000003,0.000003,1.000000;;
                            }
                          }
                        }
                      }
                      Frame Bip01_R_Finger1 {
                        FrameTransformMatrix {
                          0.999049,0.000046,-0.043597,0.000000,
                          -0.000000,0.999999,0.001044,0.000000,
                          0.043597,-0.001043,0.999049,0.000000,
                          4.803908,-0.764934,0.079127,1.000000;;
                        }
                        Frame Bip01_R_Finger11 {
                          FrameTransformMatrix {
                            0.986313,0.164882,0.000000,0.000000,
                            -0.164882,0.986313,0.000000,0.000000,
                            0.000000,0.000000,1.000000,0.000000,
                            2.575606,0.000003,0.000001,1.000000;;
                          }
                          Frame Bip01_R_Finger12 {
                            FrameTransformMatrix {
                              1.000000,0.000000,0.000000,0.000000,
                              0.000000,1.000000,0.000000,0.000000,
                              0.000000,0.000000,1.000000,0.000000,
                              2.658688,-0.000005,-0.000002,1.000000;;
                            }
                          }
                        }
                      }
                    }
                  }
                }
              }
            }
          }
        }
      }
    }
  }
  Frame tail_01 {
    FrameTransformMatrix {
      0.000001,1.000000,0.000000,0.000000,
      -0.933580,0.000001,-0.358368,0.000000,
      -0.358368,0.000000,0.933580,0.000000,
      -4.084186,0.329161,-2.708282,1.000000;;
    }
    Frame tail_02 {
      FrameTransformMatrix {
        1.000000,0.000000,0.000000,0.000000,
        0.000000,0.983255,0.182236,0.000000,
        0.000000,-0.182236,0.983255,0.000000,
        0.000000,17.867437,-0.000001,1.000000;;
      }
      Frame tail_03 {
        FrameTransformMatrix {
          1.000000,0.000000,0.000000,0.000000,
          0.000000,0.984808,0.173648,0.000000,
          0.000000,-0.173648,0.984808,0.000000,
          0.000000,18.248993,-0.000001,1.000000;;
        }
        Frame tail_04 {
          FrameTransformMatrix {
            1.000000,0.000000,0.000000,0.000000,
            0.000000,0.999657,0.026177,0.000000,
            0.000000,-0.026177,0.999657,0.000000,
            0.000000,19.010630,-0.000005,1.000000;;
          }
          Frame tail_05 {
            FrameTransformMatrix {
              1.000000,0.000000,0.000000,0.000000,
              0.000000,1.000000,0.000000,0.000000,
              0.000000,0.000000,1.000000,0.000000,
              0.000000,19.610411,-0.000007,1.000000;;
            }
          }
        }
      }
    }
  }
  Mesh Yodan {
    464;
    38.278900;63.962002;16.290899;,
    47.835999;59.602798;14.422700;,
    47.081001;61.329800;11.693800;,
    52.291599;62.737701;13.376200;,
    52.923901;59.615898;18.229900;,
    55.828300;61.870701;14.925700;,
    55.737400;59.022900;15.569100;,
    58.808601;61.355400;14.680600;,
    58.892101;59.048500;14.899200;,
    61.994801;60.483898;14.800200;,
    61.951199;59.058102;15.017000;,
    61.735699;60.703400;10.932700;,
    61.658699;58.591801;10.047200;,
    58.377998;61.582199;9.258200;,
    58.429600;58.599499;8.364600;,
    55.806801;62.152302;8.173400;,
    55.518101;59.055199;7.611000;,
    51.093300;61.826599;8.267300;,
    47.781502;58.580601;9.932400;,
    38.283401;64.194702;9.891000;,
    31.809200;61.862701;12.994900;,
    35.651001;59.050701;18.031200;,
    31.760500;59.346802;15.114100;,
    -37.757198;64.622498;9.892400;,
    -47.360001;59.173599;9.941000;,
    -46.610298;61.910400;11.683500;,
    -50.606701;62.475899;8.264500;,
    -55.082100;59.787701;7.618400;,
    -55.320599;62.882301;8.172600;,
    -58.003601;59.375000;8.361500;,
    -57.906700;62.355701;9.262900;,
    -61.238300;59.431900;10.047400;,
    -61.267502;61.521500;10.939200;,
    -61.515598;59.894199;15.020100;,
    -61.534500;61.312199;14.791300;,
    -58.449402;59.834900;14.905600;,
    -58.332298;62.145100;14.686300;,
    -55.300701;59.745300;15.560400;,
    -55.339901;62.600601;14.922700;,
    -52.481499;60.291698;18.219700;,
    -51.791599;63.406399;13.375900;,
    -47.382702;60.194302;14.420800;,
    -37.754902;64.379898;16.293600;,
    -31.331699;62.172600;12.990700;,
    -35.223400;59.587002;7.120500;,
    -31.525600;59.831501;6.263000;,
    10.820400;16.167400;9.083800;,
    8.219600;22.856001;4.135400;,
    5.924400;15.460500;3.945900;,
    5.752100;26.551701;-0.607700;,
    9.300400;22.234200;8.397900;,
    6.551900;26.373600;6.745700;,
    11.650100;22.139400;17.827299;,
    5.224100;24.575199;17.735201;,
    12.709800;31.285101;25.127501;,
    5.439700;30.402500;20.379601;,
    11.044700;40.132198;20.522800;,
    4.572400;34.850700;17.944401;,
    9.492700;44.524101;7.575200;,
    2.959500;37.210201;8.388900;,
    0.273900;37.123798;5.918700;,
    9.604100;30.586800;7.546700;,
    8.109800;30.482700;1.323000;,
    -7.561600;30.477200;1.426900;,
    -9.537900;30.586800;7.505500;,
    -2.972900;37.199001;8.628400;,
    -9.438400;44.521702;7.541300;,
    -4.972400;34.721500;18.268400;,
    -11.505700;40.150398;20.362801;,
    -6.118300;30.287500;20.619301;,
    -13.701100;31.341400;24.822201;,
    -5.835300;24.465200;17.997900;,
    -12.302100;22.168699;17.603800;,
    -6.286700;26.283199;6.942300;,
    -9.169900;22.198099;8.376900;,
    -5.067300;26.556400;-0.317500;,
    -7.721400;22.852200;4.234200;,
    -6.088100;15.462500;4.174200;,
    -11.136400;16.163401;9.055100;,
    -4.328600;30.676800;-4.995200;,
    -8.332000;37.078999;-5.347200;,
    0.353800;33.318298;-7.072600;,
    -2.657000;38.960999;-10.229200;,
    -9.616200;46.315899;-0.108100;,
    0.253900;51.175598;-9.147400;,
    -6.626100;66.664299;4.177200;,
    7.163900;66.664299;4.177200;,
    -3.226100;70.334503;16.126101;,
    3.833900;70.278198;16.110800;,
    -3.246100;69.165398;21.312401;,
    3.813900;69.107697;21.295799;,
    -3.256100;69.520500;29.029699;,
    3.803900;69.462799;29.013201;,
    -2.406100;61.269600;37.044800;,
    2.903900;61.221500;37.030998;,
    -53.860901;56.868599;21.035700;,
    -53.544300;58.026600;18.087099;,
    -52.879002;57.341400;21.749901;,
    -50.255100;58.973999;16.978001;,
    -52.913700;59.158901;15.875500;,
    -47.382702;60.194302;14.420800;,
    -50.231098;58.308601;11.613600;,
    -55.300701;59.745300;15.560400;,
    -55.082100;59.787701;7.618400;,
    -58.449402;59.834900;14.905600;,
    -58.003601;59.375000;8.361500;,
    -61.515598;59.894199;15.020100;,
    -61.238300;59.431900;10.047400;,
    12.923500;15.463800;2.650800;,
    9.331100;26.569700;-1.483500;,
    10.820400;16.167400;9.083800;,
    8.219600;22.856001;4.135400;,
    11.088400;26.712700;5.680700;,
    9.300400;22.234200;8.397900;,
    17.280399;25.421900;14.937600;,
    11.650100;22.139400;17.827299;,
    17.495399;31.217199;17.565300;,
    12.709800;31.285101;25.127501;,
    17.440599;35.664001;15.093300;,
    11.044700;40.132198;20.522800;,
    9.492700;44.524101;7.575200;,
    -9.438400;44.521702;7.541300;,
    -17.564699;35.821201;14.454200;,
    -11.505700;40.150398;20.362801;,
    -13.701100;31.341400;24.822201;,
    -17.903099;31.380501;16.912300;,
    -12.302100;22.168699;17.603800;,
    -17.619801;25.579100;14.298700;,
    -9.169900;22.198099;8.376900;,
    -10.725400;26.721201;5.546300;,
    -7.721400;22.852200;4.234200;,
    -8.556700;26.570601;-1.479300;,
    -11.136400;16.163401;9.055100;,
    -12.992000;15.464100;2.467900;,
    10.243800;46.315899;-0.108100;,
    14.087300;60.916000;9.161100;,
    14.141800;63.126202;14.792800;,
    14.073200;58.426201;17.289200;,
    8.093900;59.282700;22.107300;,
    11.193900;55.728500;27.496000;,
    7.063900;51.025902;34.094799;,
    31.679001;56.820900;12.683400;,
    35.656101;59.204899;7.121300;,
    38.061298;56.035000;9.398600;,
    31.965799;59.529800;6.264000;,
    27.825300;59.402199;7.125200;,
    19.306999;54.840500;9.723900;,
    19.148800;54.540501;15.801100;,
    27.823200;59.248199;18.030600;,
    31.760500;59.346802;15.114100;,
    35.651001;59.050701;18.031200;,
    38.047401;55.791901;15.798500;,
    -31.276501;57.124401;12.684300;,
    -37.677299;56.449501;9.398000;,
    -35.223400;59.587002;7.120500;,
    -37.674999;56.207001;15.799200;,
    -35.218498;59.432899;18.022499;,
    -31.320900;59.638500;15.112600;,
    -27.388201;59.480000;18.031000;,
    -18.802099;54.636398;15.798200;,
    -18.944599;54.935600;9.722600;,
    -27.390200;59.633999;7.123800;,
    -31.525600;59.831501;6.263000;,
    0.233900;64.344597;24.371300;,
    -5.916100;42.806801;21.696800;,
    -11.356100;47.881901;14.801900;,
    -8.406100;44.674900;28.818300;,
    -6.616100;51.025902;34.094799;,
    -2.406100;61.269600;37.044800;,
    2.903900;61.221500;37.030998;,
    7.063900;51.025902;34.094799;,
    8.813900;44.674900;28.818300;,
    6.413900;42.806801;21.696800;,
    11.963900;47.881901;14.801900;,
    0.233800;43.493099;10.780500;,
    14.119600;53.138699;11.520900;,
    11.963900;47.881901;14.801900;,
    10.243800;46.315899;-0.108100;,
    9.960500;43.044498;1.476900;,
    0.163900;39.884201;4.749700;,
    -9.453500;43.039299;1.582000;,
    -9.616200;46.315899;-0.108100;,
    -13.587100;53.104198;11.524500;,
    -11.356100;47.881901;14.801900;,
    3.713000;38.962601;-10.476200;,
    4.413000;33.611198;-22.882401;,
    -2.657000;38.960999;-10.229200;,
    -3.917000;33.629902;-22.889601;,
    2.373000;30.508400;-41.366501;,
    -3.297000;30.538601;-41.423000;,
    1.453000;30.510799;-59.635700;,
    -1.897000;30.450300;-59.695202;,
    1.573000;30.256201;-79.540001;,
    -1.767000;30.187099;-79.591202;,
    -2.657000;38.960999;-10.229200;,
    -3.917000;33.629902;-22.889601;,
    0.353800;33.318298;-7.072600;,
    -0.597000;29.594200;-22.882900;,
    -3.297000;30.538601;-41.423000;,
    -0.747000;28.013800;-41.382198;,
    -1.897000;30.450300;-59.695202;,
    0.113000;28.600500;-59.669102;,
    -1.767000;30.187099;-79.591202;,
    0.233000;28.336300;-79.563499;,
    3.713000;38.962601;-10.476200;,
    4.413000;33.611198;-22.882401;,
    2.373000;30.508400;-41.366501;,
    1.453000;30.510799;-59.635700;,
    1.573000;30.256201;-79.540001;,
    9.598000;37.083199;-5.351000;,
    14.343800;37.085899;-0.161300;,
    4.807800;30.755400;-4.212800;,
    8.109800;30.482700;1.323000;,
    15.836100;37.186100;6.061700;,
    9.604100;30.586800;7.546700;,
    10.063200;30.245701;12.738700;,
    9.657100;15.406500;-1.170300;,
    7.032800;27.316299;-3.155500;,
    7.943200;31.501600;3.875900;,
    10.063200;30.245701;12.738700;,
    -13.666200;37.085999;-0.541300;,
    -8.332000;37.078999;-5.347200;,
    -4.328600;30.676800;-4.995200;,
    -9.616200;46.315899;-0.108100;,
    -9.453500;43.039299;1.582000;,
    -15.649800;37.191002;5.541600;,
    -7.561600;30.477200;1.426900;,
    -10.152100;30.237000;12.650900;,
    -7.350100;31.427401;3.981100;,
    -6.144000;27.319799;-2.960300;,
    -9.566500;15.404700;-1.082500;,
    -8.406100;44.674900;28.818300;,
    -7.586100;59.241501;22.105900;,
    -5.916100;42.806801;21.696800;,
    -13.534800;58.428600;17.292601;,
    -13.599400;63.109100;14.786200;,
    -13.525400;60.884899;9.169400;,
    13.541000;59.748100;19.508200;,
    10.297300;63.009499;13.001900;,
    9.193200;58.101398;13.100300;,
    13.008500;60.918800;5.834800;,
    19.457701;64.468498;9.885500;,
    27.825300;59.402199;7.125200;,
    31.965799;59.529800;6.264000;,
    35.656101;59.204899;7.121300;,
    47.835999;59.602798;14.422700;,
    50.638302;57.665501;11.614500;,
    53.342701;58.473000;15.874700;,
    55.737400;59.022900;15.569100;,
    55.518101;59.055199;7.611000;,
    58.892101;59.048500;14.899200;,
    58.429600;58.599499;8.364600;,
    61.951199;59.058102;15.017000;,
    61.658699;58.591801;10.047200;,
    -27.390200;59.633999;7.123800;,
    -18.928200;64.565697;9.885500;,
    -21.036800;64.354103;15.061800;,
    -27.388201;59.480000;18.031000;,
    -31.320900;59.638500;15.112600;,
    -35.218498;59.432899;18.022499;,
    7.943200;31.501600;3.875900;,
    7.032800;27.316299;-3.155500;,
    9.657100;15.406500;-1.170300;,
    -10.709200;55.695599;27.496901;,
    -6.616100;51.025902;34.094799;,
    1.843900;55.288200;32.873100;,
    -2.626100;50.247200;36.337002;,
    2.523900;50.247200;36.337002;,
    -1.946100;55.288200;32.873100;,
    2.523900;61.966702;32.875301;,
    4.183900;61.957100;25.694099;,
    4.183900;55.288300;25.694700;,
    -1.767000;30.187099;-79.591202;,
    -3.277000;31.041201;-82.687202;,
    0.233000;28.336300;-79.563499;,
    0.603000;27.439699;-82.629997;,
    0.323000;29.907600;-100.249603;,
    3.213000;31.169500;-82.584900;,
    12.325000;61.314201;13.039500;,
    15.632800;65.158997;4.486600;,
    15.316700;70.897499;13.042500;,
    11.077900;56.402199;4.483600;,
    10.856300;58.491001;13.052400;,
    11.074100;56.396099;21.607201;,
    15.628600;65.162903;21.610300;,
    9.190000;62.946701;13.049900;,
    15.316700;70.897499;13.042500;,
    15.632800;65.158997;4.486600;,
    15.628600;65.162903;21.610300;,
    11.074100;56.396099;21.607201;,
    7.721300;60.113602;13.052800;,
    11.077900;56.402199;4.483600;,
    -11.859300;61.284199;13.045400;,
    -14.681100;70.919601;13.040100;,
    -15.088700;65.185402;4.488000;,
    -15.092500;65.189697;21.609400;,
    -10.686500;56.349800;21.602699;,
    -10.429900;58.442902;13.053500;,
    -10.693300;56.346100;4.490600;,
    -8.693800;62.855301;13.051300;,
    -15.088700;65.185402;4.488000;,
    -14.681100;70.919601;13.040100;,
    -10.693300;56.346100;4.490600;,
    -7.274000;60.004398;13.048700;,
    -10.686500;56.349800;21.602699;,
    -15.092500;65.189697;21.609400;,
    3.713000;38.962601;-10.476200;,
    9.598000;37.083199;-5.351000;,
    4.807800;30.755400;-4.212800;,
    -10.152100;30.237000;12.650900;,
    -7.350100;31.427401;3.981100;,
    -6.144000;27.319799;-2.960300;,
    -9.566500;15.404700;-1.082500;,
    11.963900;47.881901;14.801900;,
    6.413900;42.806801;21.696800;,
    8.813900;44.674900;28.818300;,
    46.924999;56.846901;12.682500;,
    47.781502;58.580601;9.932400;,
    21.555401;64.226303;15.063500;,
    27.823200;59.248199;18.030600;,
    11.652200;54.554401;13.179400;,
    13.008500;60.918800;5.834800;,
    9.193200;58.101398;13.100300;,
    13.541000;59.748100;19.508200;,
    53.950100;57.326302;18.085800;,
    54.245098;56.170399;21.028999;,
    54.142700;57.517601;21.999599;,
    53.275200;56.650200;21.753700;,
    50.679501;58.325901;16.972900;,
    -46.532200;57.421200;12.687400;,
    -47.360001;59.173599;9.941000;,
    -9.800000;62.948101;13.003900;,
    -12.547000;60.898998;5.831100;,
    -8.777100;58.023701;13.100000;,
    -13.098000;59.739300;19.509501;,
    -11.298600;54.519798;13.185000;,
    -12.547000;60.898998;5.831100;,
    -13.098000;59.739300;19.509501;,
    -8.777100;58.023701;13.100000;,
    -50.255100;58.973999;16.978001;,
    -53.736099;58.209000;21.996901;,
    -53.860901;56.868599;21.035700;,
    -53.544300;58.026600;18.087099;,
    9.960500;43.044498;1.476900;,
    10.243800;46.315899;-0.108100;,
    10.820400;16.167400;9.083800;,
    19.917400;0.391600;19.783501;,
    12.923500;15.463800;2.650800;,
    13.225400;0.392600;21.409599;,
    5.667600;-0.008500;7.516400;,
    5.924400;15.460500;3.945900;,
    -9.537900;30.586800;7.505500;,
    -5.700100;-0.004300;8.009900;,
    -11.521200;-0.020300;-1.186900;,
    -6.088100;15.462500;4.174200;,
    -9.566500;15.404700;-1.082500;,
    -20.385700;-0.004600;3.711800;,
    -12.992000;15.464100;2.467900;,
    -11.136400;16.163401;9.055100;,
    -5.700100;-0.004300;8.009900;,
    -6.088100;15.462500;4.174200;,
    -14.020700;0.393700;21.406900;,
    -20.565901;0.391600;19.258699;,
    -12.992000;15.464100;2.467900;,
    0.123800;27.177099;-3.694700;,
    -4.328600;30.676800;-4.995200;,
    0.353800;33.318298;-7.072600;,
    0.273900;37.123798;5.918700;,
    4.807800;30.755400;-4.212800;,
    -4.286100;50.805901;24.782900;,
    -4.286100;55.288300;25.694700;,
    -2.626100;61.966702;32.875301;,
    -4.286100;61.957100;25.694099;,
    5.924400;15.460500;3.945900;,
    9.657100;15.406500;-1.170300;,
    12.217200;-0.018300;-1.317400;,
    20.669201;-0.006500;4.264500;,
    12.923500;15.463800;2.650800;,
    -11.521200;-0.020300;-1.186900;,
    -5.700100;-0.004300;8.009900;,
    -20.385700;-0.004600;3.711800;,
    -20.565901;0.391600;19.258699;,
    -14.020700;0.393700;21.406900;,
    13.225400;0.392600;21.409599;,
    5.667600;-0.008500;7.516400;,
    19.917400;0.391600;19.783501;,
    20.669201;-0.006500;4.264500;,
    12.217200;-0.018300;-1.317400;,
    1.573000;30.256201;-79.540001;,
    3.183900;59.390999;3.135200;,
    1.983900;63.158298;-2.936900;,
    -0.156100;66.575104;8.342700;,
    -0.076100;68.688499;-2.753000;,
    -0.016100;67.195503;-23.661400;,
    -3.216100;59.334999;3.127300;,
    -2.016100;63.130299;-2.940900;,
    -3.216100;59.334999;3.127300;,
    -2.016100;63.130299;-2.940900;,
    1.983900;63.158298;-2.936900;,
    -0.016100;67.195503;-23.661400;,
    2.133900;64.748398;16.454800;,
    1.413900;69.878197;10.258900;,
    -0.126100;69.704597;18.437201;,
    -0.046100;73.020203;11.390400;,
    -0.196100;76.151703;-3.612400;,
    -2.546100;64.699303;16.432699;,
    -1.826100;69.852600;10.240500;,
    -2.546100;64.699303;16.432699;,
    -1.826100;69.852600;10.240500;,
    1.413900;69.878197;10.258900;,
    -0.196100;76.151703;-3.612400;,
    53.950100;57.326302;18.085800;,
    50.679501;58.325901;16.972900;,
    53.275200;56.650200;21.753700;,
    54.245098;56.170399;21.028999;,
    0.233900;64.344597;24.371300;,
    10.063200;30.245701;12.738700;,
    -10.152100;30.237000;12.650900;,
    0.273900;37.123798;5.918700;,
    -4.286100;50.805901;24.782900;,
    4.183900;50.805901;24.782900;,
    -2.626100;50.247200;36.337002;,
    2.523900;50.247200;36.337002;,
    10.856300;58.491001;13.052400;,
    -52.879002;57.341400;21.749901;,
    -10.429900;58.442902;13.053500;,
    -13.525400;60.884899;9.169400;,
    14.087300;60.916000;9.161100;,
    14.073200;58.426201;17.289200;,
    -13.534800;58.428600;17.292601;,
    4.807800;30.755400;-4.212800;,
    9.960500;43.044498;1.476900;,
    5.667600;-0.008500;7.516400;,
    20.669201;-0.006500;4.264500;,
    -4.328600;30.676800;-4.995200;,
    -9.453500;43.039299;1.582000;,
    -10.152100;30.237000;12.650900;,
    -20.385700;-0.004600;3.711800;,
    -11.356100;47.881901;14.801900;,
    4.183900;50.805901;24.782900;,
    14.119600;53.138699;11.520900;,
    14.141800;63.126202;14.792800;,
    -13.525400;60.884899;9.169400;,
    -13.587100;53.104198;11.524500;,
    -13.534800;58.428600;17.292601;,
    -13.599400;63.109100;14.786200;,
    1.513900;66.844002;23.673700;,
    -0.286100;77.043297;16.301001;,
    -0.326100;69.149300;25.718901;,
    -2.106100;66.811096;23.643400;,
    -2.106100;66.811096;23.643400;,
    -0.286100;77.043297;16.301001;,
    2.393900;44.304699;-7.300400;,
    0.343900;45.745499;-20.713800;,
    -0.076100;49.091000;-8.194800;,
    -1.696100;44.414600;-7.305000;,
    -1.696100;44.414600;-7.305000;,
    0.343900;45.745499;-20.713800;,
    2.743900;53.093300;-1.682300;,
    0.033900;55.497398;-19.431200;,
    0.043900;58.677799;-1.032900;,
    -2.356100;53.173500;-1.640200;,
    -2.356100;53.173500;-1.640200;,
    0.033900;55.497398;-19.431200;;
    505;
    3;0,1,2;,
    3;2,1,3;,
    3;1,4,3;,
    3;3,4,5;,
    3;4,6,5;,
    3;5,6,7;,
    3;6,8,7;,
    3;7,8,9;,
    3;8,10,9;,
    3;9,10,11;,
    3;10,12,11;,
    3;11,12,13;,
    3;12,14,13;,
    3;13,14,15;,
    3;14,16,15;,
    3;15,16,17;,
    3;16,18,17;,
    3;17,18,2;,
    3;18,19,2;,
    3;2,19,0;,
    3;19,20,0;,
    3;0,20,21;,
    3;20,22,21;,
    3;23,24,25;,
    3;25,24,26;,
    3;24,27,26;,
    3;26,27,28;,
    3;27,29,28;,
    3;28,29,30;,
    3;29,31,30;,
    3;30,31,32;,
    3;31,33,32;,
    3;32,33,34;,
    3;33,35,34;,
    3;34,35,36;,
    3;35,37,36;,
    3;36,37,38;,
    3;37,39,38;,
    3;38,39,40;,
    3;39,41,40;,
    3;40,41,25;,
    3;41,42,25;,
    3;25,42,23;,
    3;42,43,23;,
    3;23,43,44;,
    3;43,45,44;,
    3;46,47,48;,
    3;48,47,49;,
    3;47,50,49;,
    3;49,50,51;,
    3;50,52,51;,
    3;51,52,53;,
    3;52,54,53;,
    3;53,54,55;,
    3;54,56,55;,
    3;55,56,57;,
    3;56,58,57;,
    3;57,58,59;,
    3;58,60,59;,
    3;59,60,61;,
    3;60,62,61;,
    3;63,60,64;,
    3;64,60,65;,
    3;60,66,65;,
    3;65,66,67;,
    3;66,68,67;,
    3;67,68,69;,
    3;68,70,69;,
    3;69,70,71;,
    3;70,72,71;,
    3;71,72,73;,
    3;72,74,73;,
    3;73,74,75;,
    3;74,76,75;,
    3;75,76,77;,
    3;76,78,77;,
    3;79,80,81;,
    3;81,80,82;,
    3;80,83,82;,
    3;82,83,84;,
    3;83,85,84;,
    3;84,85,86;,
    3;85,87,86;,
    3;86,87,88;,
    3;87,89,88;,
    3;88,89,90;,
    3;89,91,90;,
    3;90,91,92;,
    3;91,93,92;,
    3;92,93,94;,
    3;95,96,97;,
    3;97,96,98;,
    3;96,99,98;,
    3;98,99,100;,
    3;99,99,100;,
    3;100,99,101;,
    3;99,102,101;,
    3;101,102,103;,
    3;102,104,103;,
    3;103,104,105;,
    3;104,106,105;,
    3;105,106,107;,
    3;108,109,110;,
    3;110,109,111;,
    3;109,112,111;,
    3;111,112,113;,
    3;112,114,113;,
    3;113,114,115;,
    3;114,116,115;,
    3;115,116,117;,
    3;116,118,117;,
    3;117,118,119;,
    3;118,120,119;,
    3;121,122,123;,
    3;123,122,124;,
    3;122,125,124;,
    3;124,125,126;,
    3;125,127,126;,
    3;126,127,128;,
    3;127,129,128;,
    3;128,129,130;,
    3;129,131,130;,
    3;130,131,132;,
    3;131,133,132;,
    3;134,86,135;,
    3;135,86,136;,
    3;86,88,136;,
    3;136,88,137;,
    3;88,90,137;,
    3;137,90,138;,
    3;90,92,138;,
    3;138,92,139;,
    3;92,94,139;,
    3;139,94,140;,
    3;141,142,143;,
    3;141,144,142;,
    3;141,145,144;,
    3;141,146,145;,
    3;141,147,146;,
    3;141,148,147;,
    3;141,149,148;,
    3;141,150,149;,
    3;141,151,150;,
    3;141,143,151;,
    3;152,153,154;,
    3;152,155,153;,
    3;152,156,155;,
    3;152,157,156;,
    3;152,158,157;,
    3;152,159,158;,
    3;152,160,159;,
    3;152,161,160;,
    3;152,162,161;,
    3;152,154,162;,
    3;163,164,165;,
    3;163,166,164;,
    3;163,167,166;,
    3;163,168,167;,
    3;163,169,168;,
    3;163,170,169;,
    3;163,171,170;,
    3;163,172,171;,
    3;163,173,172;,
    3;174,175,176;,
    3;174,177,175;,
    3;174,178,177;,
    3;174,179,178;,
    3;174,180,179;,
    3;174,181,180;,
    3;174,182,181;,
    3;174,183,182;,
    3;184,185,186;,
    3;186,185,187;,
    3;185,188,187;,
    3;187,188,189;,
    3;188,190,189;,
    3;189,190,191;,
    3;190,192,191;,
    3;191,192,193;,
    3;194,195,196;,
    3;196,195,197;,
    3;195,198,197;,
    3;197,198,199;,
    3;198,200,199;,
    3;199,200,201;,
    3;200,202,201;,
    3;201,202,203;,
    3;196,197,204;,
    3;204,197,205;,
    3;197,199,205;,
    3;205,199,206;,
    3;199,201,206;,
    3;206,201,207;,
    3;201,203,207;,
    3;207,203,208;,
    3;209,210,211;,
    3;211,210,212;,
    3;210,213,212;,
    3;212,213,214;,
    3;213,118,214;,
    3;214,118,215;,
    3;118,116,215;,
    3;48,49,216;,
    3;216,49,217;,
    3;49,51,217;,
    3;217,51,218;,
    3;51,53,218;,
    3;218,53,219;,
    3;53,55,219;,
    3;220,221,222;,
    3;220,223,221;,
    3;220,224,223;,
    3;220,121,224;,
    3;220,225,121;,
    3;220,226,225;,
    3;220,222,226;,
    3;69,71,227;,
    3;227,71,228;,
    3;71,73,228;,
    3;228,73,229;,
    3;73,75,229;,
    3;229,75,230;,
    3;75,77,230;,
    3;231,232,233;,
    3;233,232,234;,
    3;232,87,234;,
    3;234,87,235;,
    3;87,85,235;,
    3;235,85,236;,
    3;85,83,236;,
    3;237,238,239;,
    3;239,238,240;,
    3;238,241,240;,
    3;240,241,242;,
    3;241,20,242;,
    3;242,20,243;,
    3;20,244,243;,
    3;2,3,17;,
    3;17,3,15;,
    3;3,5,15;,
    3;15,5,13;,
    3;5,7,13;,
    3;13,7,11;,
    3;7,9,11;,
    3;245,246,247;,
    3;247,246,248;,
    3;246,249,248;,
    3;248,249,250;,
    3;249,251,250;,
    3;250,251,252;,
    3;251,253,252;,
    3;43,254,45;,
    3;43,255,254;,
    3;43,256,255;,
    3;43,257,256;,
    3;43,258,257;,
    3;43,259,258;,
    3;43,42,259;,
    3;34,36,32;,
    3;32,36,30;,
    3;36,38,30;,
    3;30,38,28;,
    3;38,40,28;,
    3;28,40,26;,
    3;40,25,26;,
    3;114,112,215;,
    3;215,112,260;,
    3;112,109,260;,
    3;260,109,261;,
    3;109,108,261;,
    3;261,108,262;,
    3;263,232,231;,
    3;263,89,232;,
    3;263,91,89;,
    3;263,93,91;,
    3;263,264,93;,
    3;263,231,264;,
    3;265,266,267;,
    3;265,268,266;,
    3;265,269,268;,
    3;265,270,269;,
    3;265,271,270;,
    3;265,267,271;,
    3;272,273,274;,
    3;274,273,275;,
    3;273,276,275;,
    3;275,276,277;,
    3;276,273,277;,
    3;277,273,272;,
    3;278,279,280;,
    3;278,281,279;,
    3;278,282,281;,
    3;278,283,282;,
    3;278,284,283;,
    3;278,280,284;,
    3;285,286,287;,
    3;285,288,286;,
    3;285,289,288;,
    3;285,290,289;,
    3;285,291,290;,
    3;285,287,291;,
    3;292,293,294;,
    3;292,295,293;,
    3;292,296,295;,
    3;292,297,296;,
    3;292,298,297;,
    3;292,294,298;,
    3;299,300,301;,
    3;299,302,300;,
    3;299,303,302;,
    3;299,304,303;,
    3;299,305,304;,
    3;299,301,305;,
    3;86,134,84;,
    3;84,134,306;,
    3;134,307,306;,
    3;306,307,81;,
    3;307,308,81;,
    3;309,310,129;,
    3;129,310,131;,
    3;310,311,131;,
    3;131,311,133;,
    3;311,312,133;,
    3;137,138,313;,
    3;313,138,314;,
    3;138,139,314;,
    3;314,139,315;,
    3;139,140,315;,
    3;316,143,317;,
    3;316,151,143;,
    3;316,245,151;,
    3;316,246,245;,
    3;316,317,246;,
    3;318,241,238;,
    3;318,20,241;,
    3;318,319,20;,
    3;318,237,319;,
    3;318,238,237;,
    3;320,321,146;,
    3;320,322,321;,
    3;320,323,322;,
    3;320,147,323;,
    3;320,146,147;,
    3;6,4,324;,
    3;324,4,325;,
    3;4,326,325;,
    3;325,326,327;,
    3;326,328,327;,
    3;329,330,153;,
    3;329,101,330;,
    3;329,100,101;,
    3;329,155,100;,
    3;329,153,155;,
    3;331,255,256;,
    3;331,332,255;,
    3;331,333,332;,
    3;331,334,333;,
    3;331,256,334;,
    3;335,160,336;,
    3;335,159,160;,
    3;335,337,159;,
    3;335,338,337;,
    3;335,336,338;,
    3;39,339,41;,
    3;39,340,339;,
    3;39,341,340;,
    3;39,342,341;,
    3;39,37,342;,
    3;210,120,213;,
    3;210,343,120;,
    3;210,344,343;,
    3;210,209,344;,
    3;345,346,347;,
    3;345,348,346;,
    3;345,349,348;,
    3;345,350,349;,
    3;226,351,225;,
    3;225,351,122;,
    3;351,309,122;,
    3;122,309,125;,
    3;352,353,354;,
    3;354,353,355;,
    3;353,356,355;,
    3;355,356,357;,
    3;358,359,360;,
    3;358,361,359;,
    3;358,362,361;,
    3;358,363,362;,
    3;364,365,366;,
    3;364,367,365;,
    3;364,368,367;,
    3;364,366,368;,
    3;266,268,369;,
    3;369,268,370;,
    3;268,371,370;,
    3;370,371,372;,
    3;373,374,375;,
    3;375,374,376;,
    3;374,377,376;,
    3;378,379,380;,
    3;380,379,381;,
    3;379,382,381;,
    3;383,384,385;,
    3;385,384,386;,
    3;384,387,386;,
    3;272,388,277;,
    3;277,388,275;,
    3;388,274,275;,
    3;389,390,391;,
    3;391,390,392;,
    3;390,393,392;,
    3;391,392,394;,
    3;394,392,395;,
    3;392,393,395;,
    3;396,397,389;,
    3;389,397,398;,
    3;397,399,398;,
    3;400,401,402;,
    3;402,401,403;,
    3;401,404,403;,
    3;402,403,405;,
    3;405,403,406;,
    3;403,404,406;,
    3;407,408,400;,
    3;400,408,409;,
    3;408,410,409;,
    3;247,411,412;,
    3;412,411,413;,
    3;411,414,413;,
    3;174,176,183;,
    3;183,176,415;,
    3;61,416,59;,
    3;59,416,57;,
    3;64,65,417;,
    3;417,65,67;,
    3;180,418,179;,
    3;179,418,178;,
    3;419,420,421;,
    3;421,420,422;,
    3;20,19,244;,
    3;244,19,18;,
    3;1,328,4;,
    3;4,328,326;,
    3;291,423,290;,
    3;290,423,289;,
    3;341,424,340;,
    3;340,424,339;,
    3;302,303,425;,
    3;425,303,304;,
    3;426,181,182;,
    3;177,427,175;,
    3;428,176,175;,
    3;429,182,183;,
    3;62,60,430;,
    3;60,58,431;,
    3;120,118,213;,
    3;57,416,55;,
    3;114,215,116;,
    3;373,375,432;,
    3;433,347,346;,
    3;63,434,60;,
    3;60,435,66;,
    3;121,225,122;,
    3;67,69,436;,
    3;127,125,309;,
    3;129,127,309;,
    3;437,362,363;,
    3;84,306,82;,
    3;233,234,438;,
