VERSION 201

frame 0
transform "inf22" 1 0 0 0 1 0 0 0 1 402.5283 -17.0807 -699.1287
transform "inf09" 1 0 0 0 1 0 0 0 1 402.5283 -17.0807 -699.1287
transform "inf08" 1 0 0 0 1 0 0 0 1 402.5283 -17.0807 -699.1287
transform "inf06" 1 0 0 0 1 0 0 0 1 392.2832 -17.0807 -699.1287
transform "inf03" 1 0 0 0 1 0 0 0 1 402.5283 -17.0807 -699.1286
transform "inf01" 1 0 0 0 1 0 0 0 1 402.5283 -17.0807 -699.1287
transform "inf07" 1 0 0 0 1 0 0 0 1 402.5283 -17.0807 -699.1287
transform "inf05" 1 0 0 0 1 0 0 0 1 402.5283 -17.0807 -699.1285
transform "inf04" 1 0 0 0 1 0 0 0 1 402.5283 -17.0807 -699.1286
transform "inf02" 1 0 0 0 1 0 0 0 1 402.5283 -17.0807 -699.1287
transform "inf20" 1 0 0 0 1 0 0 0 1 402.5283 -17.0807 -699.1287
transform "inf19" 1 0 0 0 1 0 0 0 1 402.5282 -17.0806 -699.1287
transform "inf17" 1 0 0 0 1 0 0 0 1 402.5282 -17.0806 -699.1287
transform "inf24" 1 0 0 0 1 0 0 0 1 402.5282 -17.0808 -699.1287
transform "inf16" 1 0 0 0 1 0 0 0 1 402.5282 -17.0809 -699.1284
transform "inf14" 1 0 0 0 1 0 0 0 1 402.5282 -17.0807 -699.1287
transform "inf15" 1 0 0 0 1 0 0 0 1 402.5282 -17.0806 -699.1287
transform "inf18" 1 0 0 0 1 0 0 0 1 402.5283 -17.0806 -699.1287
transform "inf13" 1 0 0 0 1 0 0 0 1 402.5283 -17.0806 -699.1287
transform "inf23" 1 0 0 0 1 0 0 0 1 402.5283 -17.0807 -699.1287
transform "inf12" 1 0 0 0 1 0 0 0 1 402.5283 -17.0806 -699.1288
transform "inf10" 1 0 0 0 1 0 0 0 1 402.5283 -17.0807 -699.1287
transform "inf11" 1 0 0 0 1 0 0 0 1 402.5283 -17.0807 -699.1287
transform "inf21" 1 0 0 0 1 0 0 0 1 402.5283 -17.0807 -699.1287
transform "inf" 1 0 0 0 1 0 0 0 1 419.955 -17.0808 -699.1287
front 411.2416 -17.0815 -699.1288 8480.6865

frame 1
transform "inf22" 1 0 0 0 1 0 0 0 1 402.5283 -17.0808 -699.1287
transform "inf09" 1 0 0 0 1 0 0 0 1 402.5283 -17.0808 -699.1287
transform "inf08" 1 0 0 0 1 0 0 0 1 402.5283 -17.0808 -699.1287
transform "inf06" 1 0 0 0 1 0 0 0 1 392.2832 -17.0807 -699.1287
transform "inf03" 1 0 0 0 1 0 0 0 1 402.5283 -17.0805 -699.1288
transform "inf01" 1 0 0 0 1 0 0 0 1 402.5283 -17.0803 -699.1287
transform "inf07" 1 0 0 0 1 0 0 0 1 402.5283 -17.0808 -699.1287
transform "inf05" 1 0 0 0 1 0 0 0 1 402.5283 -17.0807 -699.1286
transform "inf04" 1 0 0 0 1 0 0 0 1 402.5283 -17.0805 -699.1285
transform "inf02" 1 0 0 0 1 0 0 0 1 402.5283 -17.0803 -699.1285
transform "inf20" 1 0 0 0 1 0 0 0 1 402.5283 -17.0808 -699.1287
transform "inf19" 1 0 0 0 1 0 0 0 1 402.5281 -17.0807 -699.1287
transform "inf17" 1 0 0 0 1 0 0 0 1 402.5281 -17.0807 -699.1287
transform "inf24" 1 0 0 0 1 0 0 0 1 402.5281 -17.081 -699.1288
transform "inf16" 1 0 0 0 1 0 0 0 1 402.5281 -17.081 -699.1285
transform "inf14" 1 0 0 0 1 0 0 0 1 402.528 -17.0809 -699.1288
transform "inf15" 1 0 0 0 1 0 0 0 1 402.5281 -17.0808 -699.1288
transform "inf18" 1 0 0 0 1 0 0 0 1 402.5285 -17.0807 -699.1287
transform "inf13" 1 0 0 0 1 0 0 0 1 402.5285 -17.0808 -699.1288
transform "inf23" 1 0 0 0 1 0 0 0 1 402.5284 -17.0809 -699.1287
transform "inf12" 1 0 0 0 1 0 0 0 1 402.5284 -17.0808 -699.1288
transform "inf10" 1 0 0 0 1 0 0 0 1 402.5284 -17.0808 -699.1287
transform "inf11" 1 0 0 0 1 0 0 0 1 402.5284 -17.0808 -699.1287
transform "inf21" 1 0 0 0 1 0 0 0 1 402.5283 -17.081 -699.1287
transform "inf" 1 0 0 0 1 0 0 0 1 419.955 -17.0808 -699.1287
front 411.2416 -17.0815 -699.1288 8480.6865

frame 2
transform "inf22" 1 0 0 0 1 0 0 0 1 402.5282 -17.0808 -699.1287
transform "inf09" 1 0 0 0 1 0 0 0 1 402.5282 -17.0808 -699.1287
transform "inf08" 1 0 0 0 1 0 0 0 1 402.5282 -17.0808 -699.1287
transform "inf06" 1 0 0 0 1 0 0 0 1 392.2831 -17.0807 -699.1287
transform "inf03" 1 0 0 0 1 0 0 0 1 402.5282 -17.0805 -699.1288
transform "inf01" 1 0 0 0 1 0 0 0 1 402.5282 -17.0803 -699.1287
transform "inf07" 1 0 0 0 1 0 0 0 1 402.5282 -17.0808 -699.1287
transform "inf05" 1 0 0 0 1 0 0 0 1 402.5282 -17.0807 -699.1286
transform "inf04" 1 0 0 0 1 0 0 0 1 402.5281 -17.0805 -699.1285
transform "inf02" 1 0 0 0 1 0 0 0 1 402.5281 -17.0803 -699.1285
transform "inf20" 0.9989 0.0466 -0.002 -0.0466 0.9987 0.0185 0.0029 -0.0184 0.9998 404.9916 -6.9849 -700.6336
transform "inf19" 0.9922 0.1024 -0.0717 -0.1051 0.9938 -0.0358 0.0676 0.0431 0.9968 280.4359 -69.9342 -757.1082
transform "inf17" 0.9922 0.1024 -0.0717 -0.1109 0.9856 -0.1277 0.0576 0.1346 0.9892 289.088 -145.8978 -745.8355
transform "inf24" 0.9922 0.1024 -0.0717 -0.1109 0.9856 -0.1277 0.0576 0.1346 0.9892 289.088 -145.898 -745.8355
transform "inf16" 0.9922 0.1024 -0.0717 -0.1109 0.9856 -0.1277 0.0576 0.1346 0.9892 289.088 -145.898 -745.8353
transform "inf14" 0.9922 0.1024 -0.0717 -0.1109 0.9856 -0.1277 0.0576 0.1346 0.9892 289.088 -145.8979 -745.8356
transform "inf15" 0.9922 0.1024 -0.0717 -0.1109 0.9856 -0.1277 0.0576 0.1346 0.9892 289.088 -145.8978 -745.8356
transform "inf18" 0.9986 0.0511 0.011 -0.0516 0.9975 0.0492 -0.0084 -0.0497 0.9987 426.2514 46.5196 -711.9921
transform "inf13" 0.9986 0.051 0.0111 -0.0511 0.9986 0.0098 -0.0106 -0.0103 0.9999 427.7989 18.1211 -711.1042
transform "inf23" 0.9986 0.051 0.0111 -0.0511 0.9986 0.0098 -0.0106 -0.0103 0.9999 427.799 18.1209 -711.1042
transform "inf12" 0.9986 0.051 0.0111 -0.0511 0.9986 0.0098 -0.0106 -0.0103 0.9999 427.799 18.1211 -711.1042
transform "inf10" 0.9986 0.051 0.0111 -0.0511 0.9986 0.0098 -0.0106 -0.0103 0.9999 427.7989 18.121 -711.1042
transform "inf11" 0.9986 0.051 0.0111 -0.0511 0.9986 0.0098 -0.0106 -0.0103 0.9999 427.799 18.121 -711.1042
transform "inf21" 0.9871 0.16 0.0077 -0.1599 0.9871 -0.0088 -0.009 0.0075 0.9999 430.1956 -63.8828 -701.0715
transform "inf" 1 0 0 0 1 0 0 0 1 419.955 -17.0808 -699.1287
front 411.2416 -17.0815 -699.1288 8480.6865

frame 3
transform "inf22" 1 0 0 0 1 0 0 0 1 402.5282 -17.0808 -699.1287
transform "inf09" 1 0 0 0 1 0 0 0 1 402.5282 -17.0808 -699.1287
transform "inf08" 1 0 0 0 1 0 0 0 1 402.5282 -17.0808 -699.1287
transform "inf06" 1 0 0 0 1 0 0 0 1 392.2831 -17.0807 -699.1287
transform "inf03" 1 0 0 0 1 0 0 0 1 402.5282 -17.0805 -699.1288
transform "inf01" 1 0 0 0 1 0 0 0 1 402.5282 -17.0803 -699.1287
transform "inf07" 1 0 0 0 1 0 0 0 1 402.5282 -17.0808 -699.1287
transform "inf05" 1 0 0 0 1 0 0 0 1 402.5282 -17.0807 -699.1286
transform "inf04" 1 0 0 0 1 0 0 0 1 402.5281 -17.0805 -699.1285
transform "inf02" 1 0 0 0 1 0 0 0 1 402.5281 -17.0803 -699.1285
transform "inf20" 0.9951 0.0988 -0.0032 -0.0986 0.9944 0.039 0.007 -0.0385 0.9992 407.2635 4.3121 -702.0898
transform "inf19" 0.9636 0.2165 -0.1569 -0.2298 0.9705 -0.0726 0.1366 0.106 0.9849 141.7976 -155.6868 -812.8419
transform "inf17" 0.9636 0.2165 -0.1569 -0.2524 0.9301 -0.267 0.0881 0.2968 0.9508 183.4267 -312.7715 -773.8896
transform "inf24" 0.9636 0.2165 -0.1569 -0.2524 0.9301 -0.267 0.0881 0.2968 0.9508 183.4267 -312.7717 -773.8896
transform "inf16" 0.9636 0.2165 -0.1569 -0.2524 0.9301 -0.267 0.0881 0.2968 0.9508 183.4268 -312.7717 -773.8893
transform "inf14" 0.9636 0.2165 -0.1569 -0.2524 0.9301 -0.267 0.0881 0.2968 0.9508 183.4267 -312.7716 -773.8897
transform "inf15" 0.9636 0.2165 -0.1569 -0.2524 0.9301 -0.267 0.0881 0.2968 0.9508 183.4267 -312.7715 -773.8897
transform "inf18" 0.9939 0.1072 0.0244 -0.1091 0.9886 0.1033 -0.0131 -0.1053 0.9943 445.7401 119.7605 -721.5007
transform "inf13" 0.994 0.107 0.0247 -0.1074 0.9941 0.0175 -0.0227 -0.02 0.9995 452.6137 58.0813 -721.4847
transform "inf23" 0.994 0.107 0.0247 -0.1074 0.9941 0.0175 -0.0227 -0.02 0.9995 452.6137 58.0812 -721.4847
transform "inf12" 0.994 0.107 0.0247 -0.1074 0.9941 0.0175 -0.0227 -0.02 0.9995 452.6136 58.0813 -721.4847
transform "inf10" 0.994 0.107 0.0247 -0.1074 0.9941 0.0175 -0.0227 -0.02 0.9995 452.6136 58.0812 -721.4846
transform "inf11" 0.994 0.107 0.0247 -0.1074 0.9941 0.0175 -0.0227 -0.02 0.9995 452.6136 58.0812 -721.4847
transform "inf21" 0.9406 0.3389 0.0189 -0.3385 0.9407 -0.0216 -0.0251 0.014 0.9996 475.8912 -111.3067 -703.3297
transform "inf" 1 0 0 0 1 0 0 0 1 419.955 -17.0808 -699.1287
front 411.2416 -17.0815 -699.1288 8480.6865

frame 4
transform "inf22" 1 0 0 0 1 0 0 0 1 402.5282 -17.0808 -699.1287
transform "inf09" 1 0 0 0 1 0 0 0 1 402.5282 -17.0808 -699.1287
transform "inf08" 1 0 0 0 1 0 0 0 1 402.5282 -17.0808 -699.1287
transform "inf06" 1 0 0 0 1 0 0 0 1 392.2831 -17.0807 -699.1287
transform "inf03" 1 0 0 0 1 0 0 0 1 402.5282 -17.0805 -699.1288
transform "inf01" 1 0 0 0 1 0 0 0 1 402.5282 -17.0803 -699.1287
transform "inf07" 1 0 0 0 1 0 0 0 1 402.5282 -17.0808 -699.1287
transform "inf05" 1 0 0 0 1 0 0 0 1 402.5282 -17.0807 -699.1286
transform "inf04" 1 0 0 0 1 0 0 0 1 402.5281 -17.0805 -699.1285
transform "inf02" 1 0 0 0 1 0 0 0 1 402.5281 -17.0803 -699.1285
transform "inf20" 0.9881 0.154 -0.0032 -0.1535 0.9863 0.0607 0.0125 -0.0595 0.9982 409.0597 16.4029 -703.3858
transform "inf19" 0.9128 0.3277 -0.2439 -0.3605 0.927 -0.1038 0.1921 0.1827 0.9642 12.9351 -272.7152 -855.6559
transform "inf17" 0.9128 0.3277 -0.2439 -0.4021 0.826 -0.3951 0.072 0.4587 0.8857 115.3972 -497.6328 -774.3613
transform "inf24" 0.9128 0.3277 -0.2439 -0.4021 0.826 -0.3951 0.072 0.4587 0.8857 115.3973 -497.633 -774.3613
transform "inf16" 0.9128 0.3277 -0.2439 -0.4021 0.826 -0.3951 0.072 0.4587 0.8857 115.3973 -497.6329 -774.361
transform "inf14" 0.9128 0.3277 -0.2439 -0.4021 0.826 -0.3951 0.072 0.4587 0.8857 115.3972 -497.633 -774.3615
transform "inf15" 0.9128 0.3277 -0.2439 -0.4021 0.826 -0.3951 0.072 0.4587 0.8857 115.3972 -497.6329 -774.3614
transform "inf18" 0.9854 0.1652 0.0402 -0.1695 0.9724 0.1601 -0.0126 -0.1646 0.9863 458.3337 199.901 -726.0811
transform "inf13" 0.9855 0.1648 0.0407 -0.1659 0.9858 0.0242 -0.0361 -0.0306 0.9989 475.079 102.8636 -729.2079
transform "inf23" 0.9855 0.1648 0.0407 -0.1659 0.9858 0.0242 -0.0361 -0.0306 0.9989 475.0791 102.8635 -729.2078
transform "inf12" 0.9855 0.1648 0.0407 -0.1659 0.9858 0.0242 -0.0361 -0.0306 0.9989 475.079 102.8636 -729.2079
transform "inf10" 0.9855 0.1648 0.0407 -0.1659 0.9858 0.0242 -0.0361 -0.0306 0.9989 475.0791 102.8636 -729.2078
transform "inf11" 0.9855 0.1648 0.0407 -0.1659 0.9858 0.0242 -0.0361 -0.0306 0.9989 475.079 102.8636 -729.2079
transform "inf21" 0.8573 0.5137 0.0326 -0.5126 0.8578 -0.0373 -0.0472 0.0152 0.9988 537.2789 -148.6739 -705.5019
transform "inf" 1 0 0 0 1 0 0 0 1 419.955 -17.0808 -699.1287
front 411.2416 -17.0815 -699.1288 8480.6865

frame 5
transform "inf22" 1 0 0 0 1 0 0 0 1 402.5282 -17.0808 -699.1287
transform "inf09" 1 0 0 0 1 0 0 0 1 402.5282 -17.0808 -699.1287
transform "inf08" 1 0 0 0 1 0 0 0 1 402.5282 -17.0808 -699.1287
transform "inf06" 1 0 0 0 1 0 0 0 1 392.2831 -17.0807 -699.1287
transform "inf03" 1 0 0 0 1 0 0 0 1 402.5282 -17.0805 -699.1288
transform "inf01" 1 0 0 0 1 0 0 0 1 402.5282 -17.0803 -699.1287
transform "inf07" 1 0 0 0 1 0 0 0 1 402.5282 -17.0808 -699.1287
transform "inf05" 1 0 0 0 1 0 0 0 1 402.5282 -17.0807 -699.1286
transform "inf04" 1 0 0 0 1 0 0 0 1 402.5281 -17.0805 -699.1285
transform "inf02" 1 0 0 0 1 0 0 0 1 402.5281 -17.0803 -699.1285
transform "inf20" 0.9777 0.2098 -0.0019 -0.2089 0.9744 0.0828 0.0193 -0.0806 0.9966 410.1875 28.8418 -704.4413
transform "inf19" 0.8467 0.4244 -0.3209 -0.4823 0.8668 -0.1263 0.2246 0.2617 0.9387 -82.8048 -407.1494 -882.4661
transform "inf17" 0.8467 0.4244 -0.3209 -0.532 0.6858 -0.4966 0.0093 0.5912 0.8065 99.5793 -672.4423 -752.1111
transform "inf24" 0.8467 0.4244 -0.3209 -0.532 0.6858 -0.4966 0.0093 0.5912 0.8065 99.5795 -672.4425 -752.111
transform "inf16" 0.8467 0.4244 -0.3209 -0.532 0.6858 -0.4966 0.0093 0.5912 0.8065 99.5795 -672.4424 -752.1108
transform "inf14" 0.8467 0.4244 -0.3209 -0.532 0.6858 -0.4966 0.0093 0.5912 0.8065 99.5794 -672.4425 -752.1111
transform "inf15" 0.8467 0.4244 -0.3209 -0.532 0.6858 -0.4966 0.0093 0.5912 0.8065 99.5794 -672.4424 -752.1111
transform "inf18" 0.9733 0.2223 0.0577 -0.2296 0.9487 0.2173 -0.0064 -0.2247 0.9744 462.4704 283.4804 -724.8366
transform "inf13" 0.9733 0.2218 0.0583 -0.2239 0.9741 0.0312 -0.0499 -0.0435 0.9978 493.5401 151.842 -733.5508
transform "inf23" 0.9733 0.2218 0.0583 -0.2239 0.9741 0.0312 -0.0499 -0.0435 0.9978 493.5401 151.8418 -733.5508
transform "inf12" 0.9733 0.2218 0.0583 -0.2239 0.9741 0.0312 -0.0499 -0.0435 0.9978 493.5401 151.842 -733.5508
transform "inf10" 0.9733 0.2218 0.0583 -0.2239 0.9741 0.0312 -0.0499 -0.0435 0.9978 493.5401 151.8419 -733.5507
transform "inf11" 0.9733 0.2218 0.0583 -0.2239 0.9741 0.0312 -0.0499 -0.0435 0.9978 493.5401 151.8419 -733.5508
transform "inf21" 0.7463 0.6639 0.0479 -0.6618 0.7478 -0.054 -0.0717 0.0086 0.9974 606.4528 -168.7078 -707.3044
transform "inf" 1 0 0 0 1 0 0 0 1 419.955 -17.0808 -699.1287
front 411.2416 -17.0815 -699.1288 8480.6865

frame 6
transform "inf22" 1 0 0 0 1 0 0 0 1 402.5282 -17.0808 -699.1287
transform "inf09" 1 0 0 0 1 0 0 0 1 402.5282 -17.0808 -699.1287
transform "inf08" 1 0 0 0 1 0 0 0 1 402.5282 -17.0808 -699.1287
transform "inf06" 1 0 0 0 1 0 0 0 1 392.2831 -17.0807 -699.1287
transform "inf03" 1 0 0 0 1 0 0 0 1 402.5282 -17.0805 -699.1288
transform "inf01" 1 0 0 0 1 0 0 0 1 402.5282 -17.0803 -699.1287
transform "inf07" 1 0 0 0 1 0 0 0 1 402.5282 -17.0808 -699.1287
transform "inf05" 1 0 0 0 1 0 0 0 1 402.5282 -17.0807 -699.1286
transform "inf04" 1 0 0 0 1 0 0 0 1 402.5281 -17.0805 -699.1285
transform "inf02" 1 0 0 0 1 0 0 0 1 402.5281 -17.0803 -699.1285
transform "inf20" 0.9646 0.2637 0.0005 -0.2623 0.9593 0.1044 0.0271 -0.1008 0.9945 410.5588 41.1565 -705.2125
transform "inf19" 0.7789 0.5008 -0.3775 -0.5826 0.8007 -0.1399 0.2321 0.3289 0.9154 -130.541 -535.0713 -896.8157
transform "inf17" 0.7789 0.5008 -0.3775 -0.622 0.5401 -0.567 -0.0801 0.6764 0.7322 132.1951 -811.0773 -720.8146
transform "inf24" 0.7789 0.5008 -0.3775 -0.622 0.5401 -0.567 -0.0801 0.6764 0.7322 132.1953 -811.0776 -720.8145
transform "inf16" 0.7789 0.5008 -0.3775 -0.622 0.5401 -0.567 -0.0801 0.6764 0.7322 132.1953 -811.0775 -720.8142
transform "inf14" 0.7789 0.5008 -0.3775 -0.622 0.5401 -0.567 -0.0801 0.6764 0.7322 132.1952 -811.0776 -720.8146
transform "inf15" 0.7789 0.5008 -0.3775 -0.622 0.5401 -0.567 -0.0801 0.6764 0.7322 132.1952 -811.0775 -720.8146
transform "inf18" 0.9581 0.2761 0.0763 -0.2864 0.9185 0.2726 0.0052 -0.2831 0.9591 457.9197 366.6374 -717.6743
transform "inf13" 0.9582 0.2754 0.0771 -0.279 0.9595 0.0396 -0.0631 -0.0594 0.9962 506.7629 203.7903 -734.2321
transform "inf23" 0.9582 0.2754 0.0771 -0.279 0.9595 0.0396 -0.0631 -0.0594 0.9962 506.7629 203.7902 -734.2321
transform "inf12" 0.9582 0.2754 0.0771 -0.279 0.9595 0.0396 -0.0631 -0.0594 0.9962 506.7628 203.7903 -734.2321
transform "inf10" 0.9582 0.2754 0.0771 -0.279 0.9595 0.0396 -0.0631 -0.0594 0.9962 506.7628 203.7903 -734.2321
transform "inf11" 0.9582 0.2754 0.0771 -0.279 0.9595 0.0396 -0.0631 -0.0594 0.9962 506.7629 203.7903 -734.2321
transform "inf21" 0.6266 0.7767 0.0636 -0.7737 0.6298 -0.069 -0.0937 -0.006 0.9956 671.9338 -169.6745 -708.8455
transform "inf" 1 0 0 0 1 0 0 0 1 419.955 -17.0808 -699.1287
front 411.2416 -17.0815 -699.1288 8480.6865

frame 7
transform "inf22" 1 0 0 0 1 0 0 0 1 402.5282 -17.0808 -699.1287
transform "inf09" 1 0 0 0 1 0 0 0 1 402.5282 -17.0808 -699.1287
transform "inf08" 1 0 0 0 1 0 0 0 1 402.5282 -17.0808 -699.1287
transform "inf06" 1 0 0 0 1 0 0 0 1 392.2831 -17.0807 -699.1287
transform "inf03" 1 0 0 0 1 0 0 0 1 402.5282 -17.0805 -699.1288
transform "inf01" 1 0 0 0 1 0 0 0 1 402.5282 -17.0803 -699.1287
transform "inf07" 1 0 0 0 1 0 0 0 1 402.5282 -17.0808 -699.1287
transform "inf05" 1 0 0 0 1 0 0 0 1 402.5282 -17.0807 -699.1286
transform "inf04" 1 0 0 0 1 0 0 0 1 402.5281 -17.0805 -699.1285
transform "inf02" 1 0 0 0 1 0 0 0 1 402.5281 -17.0803 -699.1285
transform "inf20" 0.9496 0.3133 0.0037 -0.3113 0.9421 0.1247 0.0356 -0.1196 0.9922 410.192 52.8653 -705.6935
transform "inf19" 0.7256 0.5567 -0.4045 -0.6523 0.7437 -0.1466 0.2192 0.3702 0.9027 -125.7641 -627.8541 -905.3377
transform "inf17" 0.7256 0.5567 -0.4045 -0.6677 0.4275 -0.6095 -0.1664 0.7123 0.6819 196.9278 -896.341 -695.9854
transform "inf24" 0.7256 0.5567 -0.4045 -0.6677 0.4275 -0.6095 -0.1664 0.7123 0.6819 196.928 -896.3411 -695.9852
transform "inf16" 0.7256 0.5567 -0.4045 -0.6677 0.4275 -0.6095 -0.1664 0.7123 0.6819 196.928 -896.3409 -695.985
transform "inf14" 0.7256 0.5567 -0.4045 -0.6677 0.4275 -0.6095 -0.1664 0.7123 0.6819 196.9279 -896.3412 -695.9854
transform "inf15" 0.7256 0.5567 -0.4045 -0.6677 0.4275 -0.6095 -0.1664 0.7123 0.6819 196.9279 -896.341 -695.9854
transform "inf18" 0.9412 0.3242 0.0951 -0.3372 0.8839 0.3242 0.0211 -0.3371 0.9412 445.8353 445.5149 -705.3448
transform "inf13" 0.9414 0.3234 0.096 -0.3291 0.943 0.0505 -0.0742 -0.0791 0.9941 514.0847 257.0777 -731.4592
transform "inf23" 0.9414 0.3234 0.096 -0.3291 0.943 0.0505 -0.0742 -0.0791 0.9941 514.0847 257.0776 -731.4592
transform "inf12" 0.9414 0.3234 0.096 -0.3291 0.943 0.0505 -0.0742 -0.0791 0.9941 514.0847 257.0777 -731.4592
transform "inf10" 0.9414 0.3234 0.096 -0.3291 0.943 0.0505 -0.0742 -0.0791 0.9941 514.0847 257.0777 -731.4592
transform "inf11" 0.9414 0.3234 0.096 -0.3291 0.943 0.0505 -0.0742 -0.0791 0.9941 514.0848 257.0777 -731.4592
transform "inf21" 0.5227 0.8488 0.0792 -0.8456 0.528 -0.078 -0.1081 -0.0262 0.9938 721.587 -155.4052 -710.7921
transform "inf" 1 0 0 0 1 0 0 0 1 419.955 -17.0808 -699.1287
front 411.2416 -17.0815 -699.1288 8480.6865

frame 8
transform "inf22" 1 0 0 0 1 0 0 0 1 402.5282 -17.0808 -699.1287
transform "inf09" 1 0 0 0 1 0 0 0 1 402.5282 -17.0808 -699.1287
transform "inf08" 1 0 0 0 1 0 0 0 1 402.5282 -17.0808 -699.1287
transform "inf06" 1 0 0 0 1 0 0 0 1 392.2831 -17.0807 -699.1287
transform "inf03" 1 0 0 0 1 0 0 0 1 402.5282 -17.0805 -699.1288
transform "inf01" 1 0 0 0 1 0 0 0 1 402.5282 -17.0802 -699.1287
transform "inf07" 1 0 0 0 1 0 0 0 1 402.5282 -17.0808 -699.1287
transform "inf05" 1 0 0 0 1 0 0 0 1 402.5282 -17.0807 -699.1286
transform "inf04" 1 0 0 0 1 0 0 0 1 402.5281 -17.0805 -699.1285
transform "inf02" 1 0 0 0 1 0 0 0 1 402.5281 -17.0803 -699.1285
transform "inf20" 0.9342 0.3566 0.0074 -0.354 0.9243 0.143 0.0441 -0.1362 0.9897 409.203 63.4942 -705.9144
transform "inf19" 0.6952 0.5959 -0.4019 -0.6924 0.7053 -0.152 0.1929 0.3839 0.903 -76.2719 -676.5421 -911.563
transform "inf17" 0.6952 0.5959 -0.4019 -0.6794 0.3622 -0.6382 -0.2348 0.7167 0.6567 280.0148 -935.7905 -679.6955
transform "inf24" 0.6952 0.5959 -0.4019 -0.6794 0.3622 -0.6382 -0.2348 0.7167 0.6567 280.015 -935.7906 -679.6954
transform "inf16" 0.6952 0.5959 -0.4019 -0.6794 0.3622 -0.6382 -0.2348 0.7167 0.6567 280.015 -935.7903 -679.6952
transform "inf14" 0.6952 0.5959 -0.4019 -0.6794 0.3622 -0.6382 -0.2348 0.7167 0.6567 280.015 -935.7906 -679.6956
transform "inf15" 0.6952 0.5959 -0.4019 -0.6794 0.3622 -0.6382 -0.2348 0.7167 0.6567 280.0149 -935.7905 -679.6955
transform "inf18" 0.9242 0.3649 0.113 -0.3799 0.8478 0.37 0.0393 -0.3849 0.9221 428.6157 516.6378 -689.3815
transform "inf13" 0.9244 0.3639 0.114 -0.3725 0.9258 0.0651 -0.0818 -0.1026 0.9913 515.4897 309.9214 -725.8995
transform "inf23" 0.9244 0.3639 0.114 -0.3725 0.9258 0.0651 -0.0818 -0.1026 0.9913 515.4898 309.9213 -725.8995
transform "inf12" 0.9244 0.3639 0.114 -0.3725 0.9258 0.0651 -0.0818 -0.1026 0.9913 515.4897 309.9214 -725.8996
transform "inf10" 0.9244 0.3639 0.114 -0.3725 0.9258 0.0651 -0.0818 -0.1026 0.9913 515.4897 309.9214 -725.8995
transform "inf11" 0.9244 0.3639 0.114 -0.3725 0.9258 0.0651 -0.0818 -0.1026 0.9913 515.4898 309.9214 -725.8995
transform "inf21" 0.4377 0.8942 0.0942 -0.8917 0.4451 -0.0821 -0.1154 -0.0481 0.9922 755.5322 -133.9211 -713.0611
transform "inf" 1 0 0 0 1 0 0 0 1 419.955 -17.0808 -699.1287
front 411.2416 -17.0815 -699.1288 8480.6865

frame 9
transform "inf22" 1 0 0 0 1 0 0 0 1 402.5282 -17.0808 -699.1287
transform "inf09" 1 0 0 0 1 0 0 0 1 402.5282 -17.0808 -699.1287
transform "inf08" 1 0 0 0 1 0 0 0 1 402.5282 -17.0809 -699.1287
transform "inf06" 1 0 0 0 1 0 0 0 1 392.2831 -17.0807 -699.1287
transform "inf03" 1 0 0 0 1 0 0 0 1 402.5282 -17.0805 -699.1288
transform "inf01" 1 0 0 0 1 0 0 0 1 402.5282 -17.0803 -699.1288
transform "inf07" 1 0 0 0 1 0 0 0 1 402.5282 -17.0809 -699.1287
transform "inf05" 1 0 0 0 1 0 0 0 1 402.5282 -17.0807 -699.1286
transform "inf04" 1 0 0 0 1 0 0 0 1 402.5281 -17.0805 -699.1285
transform "inf02" 1 0 0 0 1 0 0 0 1 402.5281 -17.0803 -699.1285
transform "inf20" 0.9201 0.3916 0.011 -0.3883 0.9078 0.1586 0.0521 -0.1502 0.9873 407.7833 72.5896 -705.934
transform "inf19" 0.6846 0.6221 -0.3799 -0.7109 0.6849 -0.1596 0.1609 0.3793 0.9112 -1.1359 -692.3651 -914.4644
transform "inf17" 0.6846 0.6221 -0.3799 -0.6704 0.3328 -0.6631 -0.2861 0.7086 0.6449 369.7965 -948.2595 -665.0364
transform "inf24" 0.6846 0.6221 -0.3799 -0.6704 0.3328 -0.6631 -0.2861 0.7086 0.6449 369.7967 -948.2595 -665.0363
transform "inf16" 0.6846 0.6221 -0.3799 -0.6704 0.3328 -0.6631 -0.2861 0.7086 0.6449 369.7967 -948.2593 -665.0361
transform "inf14" 0.6846 0.6221 -0.3799 -0.6704 0.3328 -0.6631 -0.2861 0.7086 0.6449 369.7967 -948.2597 -665.0365
transform "inf15" 0.6846 0.6221 -0.3799 -0.6704 0.3328 -0.6631 -0.2861 0.7086 0.6449 369.7966 -948.2595 -665.0364
transform "inf18" 0.9088 0.3967 0.1288 -0.4132 0.8137 0.4088 0.0574 -0.4248 0.9035 409.5959 577.1536 -671.948
transform "inf13" 0.9091 0.3957 0.1299 -0.4078 0.9091 0.0847 -0.0846 -0.1299 0.9879 511.5871 360.6342 -718.5747
transform "inf23" 0.9091 0.3957 0.1299 -0.4078 0.9091 0.0847 -0.0846 -0.1299 0.9879 511.5872 360.6341 -718.5747
transform "inf12" 0.9091 0.3957 0.1299 -0.4078 0.9091 0.0847 -0.0846 -0.1299 0.9879 511.5871 360.6342 -718.5748
transform "inf10" 0.9091 0.3957 0.1299 -0.4078 0.9091 0.0847 -0.0846 -0.1299 0.9879 511.5871 360.6342 -718.5746
transform "inf11" 0.9091 0.3957 0.1299 -0.4078 0.9091 0.0847 -0.0846 -0.1299 0.9879 511.5871 360.6342 -718.5747
transform "inf21" 0.3642 0.9251 0.1076 -0.9237 0.3736 -0.0853 -0.1191 -0.0683 0.9905 780.124 -111.4825 -714.9405
transform "inf" 1 0 0 0 1 0 0 0 1 419.955 -17.0808 -699.1287
front 411.2416 -17.0815 -699.1288 8480.6865

frame 10
transform "inf22" 1 0 0 0 1 0 0 0 1 402.5282 -17.0808 -699.1287
transform "inf09" 1 0 0 0 1 0 0 0 1 402.5282 -17.0808 -699.1287
transform "inf08" 1 0 0 0 1 0 0 0 1 402.5282 -17.0809 -699.1287
transform "inf06" 1 0 0 0 1 0 0 0 1 392.2831 -17.0807 -699.1287
transform "inf03" 1 0 0 0 1 0 0 0 1 402.5282 -17.0805 -699.1288
transform "inf01" 1 0 0 0 1 0 0 0 1 402.5282 -17.0802 -699.1288
transform "inf07" 1 0 0 0 1 0 0 0 1 402.5282 -17.0809 -699.1287
transform "inf05" 1 0 0 0 1 0 0 0 1 402.5282 -17.0807 -699.1286
transform "inf04" 1 0 0 0 1 0 0 0 1 402.5281 -17.0805 -699.1285
transform "inf02" 1 0 0 0 1 0 0 0 1 402.5281 -17.0802 -699.1285
transform "inf20" 0.909 0.4166 0.0138 -0.4127 0.8947 0.1707 0.0588 -0.1609 0.9852 406.1692 79.7234 -705.8306
transform "inf19" 0.6908 0.6357 -0.3445 -0.7115 0.6825 -0.1672 0.1288 0.3606 0.9238 83.6957 -680.8173 -912.1544
transform "inf17" 0.6908 0.6357 -0.3445 -0.6494 0.336 -0.6823 -0.318 0.695 0.6449 453.274 -941.2195 -651.5375
transform "inf24" 0.6908 0.6357 -0.3445 -0.6494 0.336 -0.6823 -0.318 0.695 0.6449 453.2742 -941.2196 -651.5374
transform "inf16" 0.6908 0.6357 -0.3445 -0.6494 0.336 -0.6823 -0.318 0.695 0.6449 453.2741 -941.2194 -651.5372
transform "inf14" 0.6908 0.6357 -0.3445 -0.6494 0.336 -0.6823 -0.318 0.695 0.6449 453.2741 -941.2197 -651.5376
transform "inf15" 0.6908 0.6357 -0.3445 -0.6494 0.336 -0.6823 -0.318 0.695 0.6449 453.274 -941.2196 -651.5375
transform "inf18" 0.897 0.4187 0.1415 -0.4359 0.7855 0.4392 0.0727 -0.4557 0.8872 392.6173 624.8631 -655.6122
transform "inf13" 0.8974 0.4176 0.1426 -0.4337 0.8943 0.1104 -0.0814 -0.1609 0.9836 503.5004 407.8101 -710.6832
transform "inf23" 0.8974 0.4176 0.1426 -0.4337 0.8943 0.1104 -0.0814 -0.1609 0.9836 503.5004 407.8099 -710.6832
transform "inf12" 0.8974 0.4176 0.1426 -0.4337 0.8943 0.1104 -0.0814 -0.1609 0.9836 503.5004 407.8101 -710.6833
transform "inf10" 0.8974 0.4176 0.1426 -0.4337 0.8943 0.1104 -0.0814 -0.1609 0.9836 503.5003 407.8101 -710.6832
transform "inf11" 0.8974 0.4176 0.1426 -0.4337 0.8943 0.1104 -0.0814 -0.1609 0.9836 503.5003 407.8101 -710.6833
transform "inf21" 0.3115 0.9429 0.1183 -0.9427 0.3222 -0.0861 -0.1193 -0.0848 0.9892 794.111 -92.2942 -716.6393
transform "inf" 1 0 0 0 1 0 0 0 1 419.955 -17.0808 -699.1287
front 411.2416 -17.0815 -699.1288 8480.6865

frame 11
transform "inf22" 1 0 0 0 1 0 0 0 1 402.5282 -17.0808 -699.1287
transform "inf09" 1 0 0 0 1 0 0 0 1 402.5282 -17.0808 -699.1287
transform "inf08" 1 0 0 0 1 0 0 0 1 402.5282 -17.0809 -699.1287
transform "inf06" 1 0 0 0 1 0 0 0 1 392.2831 -17.0807 -699.1287
transform "inf03" 1 0 0 0 1 0 0 0 1 402.5282 -17.0805 -699.1288
transform "inf01" 1 0 0 0 1 0 0 0 1 402.5282 -17.0802 -699.1288
transform "inf07" 1 0 0 0 1 0 0 0 1 402.5282 -17.0809 -699.1287
transform "inf05" 1 0 0 0 1 0 0 0 1 402.5282 -17.0807 -699.1286
transform "inf04" 1 0 0 0 1 0 0 0 1 402.5281 -17.0805 -699.1285
transform "inf02" 1 0 0 0 1 0 0 0 1 402.5281 -17.0802 -699.1285
transform "inf20" 0.9029 0.4297 0.0151 -0.4252 0.8871 0.1797 0.0638 -0.1686 0.9836 404.3086 84.9066 -705.6634
transform "inf19" 0.7103 0.6358 -0.302 -0.6966 0.6966 -0.172 0.101 0.3325 0.9377 164.8648 -649.8594 -903.607
transform "inf17" 0.7103 0.6358 -0.302 -0.6219 0.366 -0.6923 -0.3297 0.6796 0.6554 520.3458 -921.7254 -639.8297
transform "inf24" 0.7103 0.6358 -0.302 -0.6219 0.366 -0.6923 -0.3297 0.6796 0.6554 520.346 -921.7256 -639.8296
transform "inf16" 0.7103 0.6358 -0.302 -0.6219 0.366 -0.6923 -0.3297 0.6796 0.6554 520.3459 -921.7255 -639.8294
transform "inf14" 0.7103 0.6358 -0.302 -0.6219 0.366 -0.6923 -0.3297 0.6796 0.6554 520.3459 -921.7256 -639.8298
transform "inf15" 0.7103 0.6358 -0.302 -0.6219 0.366 -0.6923 -0.3297 0.6796 0.6554 520.3459 -921.7256 -639.8297
transform "inf18" 0.8907 0.4293 0.1499 -0.4471 0.7666 0.4609 0.0829 -0.4775 0.8747 381.3634 658.7566 -642.5682
transform "inf13" 0.891 0.4282 0.1509 -0.4479 0.8833 0.1386 -0.074 -0.1911 0.9788 494.4087 447.3174 -703.4428
transform "inf23" 0.891 0.4282 0.1509 -0.4479 0.8833 0.1386 -0.074 -0.1911 0.9788 494.4088 447.3172 -703.4428
transform "inf12" 0.891 0.4282 0.1509 -0.4479 0.8833 0.1386 -0.074 -0.191 0.9788 494.4088 447.3174 -703.4429
transform "inf10" 0.891 0.4282 0.1509 -0.4479 0.8833 0.1386 -0.074 -0.191 0.9788 494.4088 447.3173 -703.4428
transform "inf11" 0.891 0.4282 0.1509 -0.4479 0.8833 0.1386 -0.074 -0.191 0.9788 494.4088 447.3173 -703.4428
transform "inf21" 0.2883 0.9492 0.1259 -0.9505 0.2997 -0.0824 -0.116 -0.0959 0.9886 796.4148 -79.8169 -718.6865
transform "inf" 1 0 0 0 1 0 0 0 1 419.955 -17.0808 -699.1287
front 411.2416 -17.0815 -699.1288 8480.6865

frame 12
transform "inf22" 1 0 0 0 1 0 0 0 1 402.5282 -17.0808 -699.1287
transform "inf09" 1 0 0 0 1 0 0 0 1 402.5282 -17.0808 -699.1287
transform "inf08" 1 0 0 0 1 0 0 0 1 402.5282 -17.0809 -699.1287
transform "inf06" 1 0 0 0 1 0 0 0 1 392.2831 -17.0807 -699.1287
transform "inf03" 1 0 0 0 1 0 0 0 1 402.5282 -17.0805 -699.1288
transform "inf01" 1 0 0 0 1 0 0 0 1 402.5282 -17.0802 -699.1288
transform "inf07" 1 0 0 0 1 0 0 0 1 402.5282 -17.0809 -699.1287
transform "inf05" 1 0 0 0 1 0 0 0 1 402.5282 -17.0807 -699.1286
transform "inf04" 1 0 0 0 1 0 0 0 1 402.5281 -17.0805 -699.1285
transform "inf02" 1 0 0 0 1 0 0 0 1 402.5281 -17.0802 -699.1285
transform "inf20" 0.902 0.4314 0.0146 -0.4264 0.8852 0.1859 0.0672 -0.1739 0.9825 402.2302 88.4153 -705.473
transform "inf19" 0.7379 0.6235 -0.2583 -0.6702 0.7221 -0.1714 0.0797 0.2996 0.9507 233.5129 -608.4177 -890.0688
transform "inf17" 0.7379 0.6235 -0.2583 -0.5922 0.4146 -0.6909 -0.3237 0.6628 0.6752 565.9772 -894.9692 -632.0416
transform "inf24" 0.7379 0.6235 -0.2583 -0.5922 0.4146 -0.6909 -0.3237 0.6628 0.6752 565.9774 -894.9693 -632.0414
transform "inf16" 0.7379 0.6235 -0.2583 -0.5922 0.4146 -0.6909 -0.3237 0.6628 0.6752 565.9773 -894.9692 -632.0413
transform "inf14" 0.7379 0.6235 -0.2583 -0.5922 0.4146 -0.6909 -0.3237 0.6628 0.6752 565.9773 -894.9693 -632.0416
transform "inf15" 0.7379 0.6235 -0.2583 -0.5922 0.4146 -0.6909 -0.3237 0.6628 0.6752 565.9772 -894.9692 -632.0416
transform "inf18" 0.8899 0.4295 0.1537 -0.4477 0.7578 0.4747 0.0874 -0.4912 0.8666 377.2997 679.4164 -633.9755
transform "inf13" 0.8902 0.4284 0.1546 -0.4508 0.8775 0.164 -0.0654 -0.2157 0.9743 487.5105 475.7458 -697.8925
transform "inf23" 0.8902 0.4284 0.1546 -0.4508 0.8775 0.164 -0.0654 -0.2157 0.9743 487.5105 475.7456 -697.8925
transform "inf12" 0.8902 0.4284 0.1546 -0.4508 0.8775 0.164 -0.0654 -0.2157 0.9743 487.5105 475.7457 -697.8926
transform "inf10" 0.8902 0.4284 0.1546 -0.4508 0.8775 0.164 -0.0654 -0.2157 0.9743 487.5104 475.7457 -697.8925
transform "inf11" 0.8902 0.4284 0.1546 -0.4508 0.8775 0.164 -0.0654 -0.2157 0.9743 487.5105 475.7457 -697.8925
transform "inf21" 0.2999 0.945 0.1303 -0.9477 0.3108 -0.0725 -0.109 -0.1017 0.9888 786.5932 -75.0724 -721.4776
transform "inf" 1 0 0 0 1 0 0 0 1 419.955 -17.0808 -699.1287
front 411.2416 -17.0815 -699.1288 8480.6865

frame 13
transform "inf22" 1 0 0 0 1 0 0 0 1 402.5282 -17.0808 -699.1287
transform "inf09" 1 0 0 0 1 0 0 0 1 402.5282 -17.0808 -699.1287
transform "inf08" 1 0 0 0 1 0 0 0 1 402.5282 -17.0809 -699.1287
transform "inf06" 1 0 0 0 1 0 0 0 1 392.2831 -17.0807 -699.1287
transform "inf03" 1 0 0 0 1 0 0 0 1 402.5282 -17.0805 -699.1288
transform "inf01" 1 0 0 0 1 0 0 0 1 402.5282 -17.0802 -699.1288
transform "inf07" 1 0 0 0 1 0 0 0 1 402.5282 -17.0809 -699.1287
transform "inf05" 1 0 0 0 1 0 0 0 1 402.5282 -17.0807 -699.1286
transform "inf04" 1 0 0 0 1 0 0 0 1 402.5281 -17.0805 -699.1285
transform "inf02" 1 0 0 0 1 0 0 0 1 402.5281 -17.0802 -699.1285
transform "inf20" 0.9056 0.4239 0.0127 -0.4185 0.8883 0.1892 0.069 -0.1767 0.9818 400.2417 90.2387 -705.3047
transform "inf19" 0.7679 0.6017 -0.2197 -0.6371 0.7529 -0.1651 0.0661 0.2667 0.9615 283.0793 -564.1489 -874.5822
transform "inf17" 0.7679 0.6017 -0.2197 -0.5641 0.4727 -0.677 -0.3035 0.6438 0.7024 587.6486 -863.7776 -630.6736
transform "inf24" 0.7679 0.6017 -0.2197 -0.5641 0.4727 -0.677 -0.3035 0.6438 0.7024 587.6487 -863.7778 -630.6735
transform "inf16" 0.7679 0.6017 -0.2197 -0.5641 0.4727 -0.677 -0.3035 0.6438 0.7024 587.6486 -863.7776 -630.6733
transform "inf14" 0.7679 0.6017 -0.2197 -0.5641 0.4727 -0.677 -0.3035 0.6438 0.7024 587.6486 -863.7778 -630.6737
transform "inf15" 0.7679 0.6017 -0.2197 -0.5641 0.4727 -0.677 -0.3035 0.6438 0.7024 587.6486 -863.7776 -630.6737
transform "inf18" 0.8938 0.4215 0.1532 -0.4401 0.7586 0.4805 0.0863 -0.4969 0.8635 380.1599 687.1002 -630.6199
transform "inf13" 0.8941 0.4205 0.1541 -0.4442 0.8765 0.1857 -0.0569 -0.2345 0.9704 483.5211 492.9828 -694.735
transform "inf23" 0.8941 0.4205 0.1541 -0.4442 0.8765 0.1857 -0.0569 -0.2345 0.9704 483.5211 492.9826 -694.735
transform "inf12" 0.8941 0.4205 0.1541 -0.4442 0.8765 0.1857 -0.0569 -0.2345 0.9704 483.5211 492.9827 -694.7351
transform "inf10" 0.8941 0.4205 0.1541 -0.4442 0.8765 0.1857 -0.0569 -0.2345 0.9704 483.5211 492.9827 -694.735
transform "inf11" 0.8941 0.4205 0.1541 -0.4442 0.8765 0.1857 -0.0569 -0.2345 0.9704 483.5211 492.9827 -694.735
transform "inf21" 0.3486 0.9281 0.1307 -0.9321 0.3579 -0.0554 -0.0982 -0.1025 0.9899 764.4528 -77.2639 -724.8561
transform "inf" 1 0 0 0 1 0 0 0 1 419.955 -17.0808 -699.1287
front 411.2416 -17.0815 -699.1288 8480.6865

frame 14
transform "inf22" 1 0 0 0 1 0 0 0 1 402.5282 -17.0808 -699.1287
transform "inf09" 1 0 0 0 1 0 0 0 1 402.5282 -17.0808 -699.1287
transform "inf08" 1 0 0 0 1 0 0 0 1 402.5282 -17.0809 -699.1287
transform "inf06" 1 0 0 0 1 0 0 0 1 392.2831 -17.0807 -699.1287
transform "inf03" 1 0 0 0 1 0 0 0 1 402.5282 -17.0805 -699.1288
transform "inf01" 1 0 0 0 1 0 0 0 1 402.5282 -17.0802 -699.1288
transform "inf07" 1 0 0 0 1 0 0 0 1 402.5282 -17.0809 -699.1287
transform "inf05" 1 0 0 0 1 0 0 0 1 402.5282 -17.0807 -699.1286
transform "inf04" 1 0 0 0 1 0 0 0 1 402.5281 -17.0805 -699.1285
transform "inf02" 1 0 0 0 1 0 0 0 1 402.5281 -17.0802 -699.1285
transform "inf20" 0.9125 0.4089 0.0096 -0.4032 0.8953 0.1896 0.0689 -0.1769 0.9818 398.5856 90.3555 -705.1909
transform "inf19" 0.7954 0.5748 -0.1921 -0.6028 0.783 -0.1532 0.0624 0.2376 0.9694 306.5213 -521.7161 -861.5886
transform "inf17" 0.7954 0.5748 -0.1921 -0.5416 0.532 -0.6509 -0.2719 0.6218 0.7345 582.2804 -828.8043 -638.6592
transform "inf24" 0.7954 0.5748 -0.1921 -0.5416 0.532 -0.6509 -0.2719 0.6218 0.7345 582.2805 -828.8045 -638.6591
transform "inf16" 0.7954 0.5748 -0.1921 -0.5416 0.532 -0.6509 -0.2719 0.6218 0.7345 582.2805 -828.8043 -638.6588
transform "inf14" 0.7954 0.5748 -0.1921 -0.5416 0.532 -0.6509 -0.2719 0.6218 0.7345 582.2805 -828.8044 -638.6592
transform "inf15" 0.7954 0.5748 -0.1921 -0.5416 0.532 -0.6509 -0.2719 0.6218 0.7345 582.2804 -828.8044 -638.6592
transform "inf18" 0.9012 0.4071 0.1487 -0.4259 0.768 0.4784 0.0805 -0.4944 0.8655 388.7631 681.6911 -632.7923
transform "inf13" 0.9015 0.4061 0.1496 -0.43 0.8797 0.2029 -0.0492 -0.2473 0.9677 482.3302 498.782 -694.3668
transform "inf23" 0.9015 0.4061 0.1496 -0.43 0.8797 0.2029 -0.0492 -0.2473 0.9677 482.3302 498.7819 -694.3668
transform "inf12" 0.9015 0.4061 0.1496 -0.43 0.8797 0.2029 -0.0492 -0.2473 0.9677 482.3302 498.782 -694.3669
transform "inf10" 0.9015 0.4061 0.1496 -0.43 0.8797 0.2029 -0.0492 -0.2473 0.9677 482.3301 498.782 -694.3668
transform "inf11" 0.9015 0.4061 0.1496 -0.43 0.8797 0.2029 -0.0492 -0.2473 0.9677 482.3302 498.782 -694.3668
transform "inf21" 0.4349 0.8917 0.1258 -0.8966 0.4417 -0.0313 -0.0835 -0.0992 0.9916 729.4437 -83.9084 -728.3112
transform "inf" 1 0 0 0 1 0 0 0 1 419.955 -17.0808 -699.1287
front 411.2416 -17.0815 -699.1288 8480.6865

frame 15
transform "inf22" 1 0 0 0 1 0 0 0 1 402.5282 -17.0808 -699.1287
transform "inf09" 1 0 0 0 1 0 0 0 1 402.5282 -17.0808 -699.1287
transform "inf08" 1 0 0 0 1 0 0 0 1 402.5282 -17.0809 -699.1287
transform "inf06" 1 0 0 0 1 0 0 0 1 392.2831 -17.0807 -699.1287
transform "inf03" 1 0 0 0 1 0 0 0 1 402.5282 -17.0805 -699.1288
transform "inf01" 1 0 0 0 1 0 0 0 1 402.5282 -17.0802 -699.1288
transform "inf07" 1 0 0 0 1 0 0 0 1 402.5282 -17.0809 -699.1287
transform "inf05" 1 0 0 0 1 0 0 0 1 402.5282 -17.0807 -699.1286
transform "inf04" 1 0 0 0 1 0 0 0 1 402.5281 -17.0805 -699.1285
transform "inf02" 1 0 0 0 1 0 0 0 1 402.5281 -17.0802 -699.1285
transform "inf20" 0.9215 0.3882 0.006 -0.3824 0.9049 0.1868 0.0671 -0.1745 0.9824 397.4562 88.7239 -705.1494
transform "inf19" 0.8214 0.5437 -0.1722 -0.5666 0.8126 -0.1366 0.0657 0.2098 0.9755 311.1613 -477.0993 -850.9066
transform "inf17" 0.8214 0.5437 -0.1722 -0.5217 0.5942 -0.6121 -0.2305 0.5927 0.7718 555.9684 -784.8947 -655.1362
transform "inf24" 0.8214 0.5437 -0.1722 -0.5217 0.5942 -0.6121 -0.2305 0.5927 0.7718 555.9685 -784.8948 -655.1361
transform "inf16" 0.8214 0.5437 -0.1722 -0.5217 0.5942 -0.6121 -0.2305 0.5927 0.7718 555.9685 -784.8947 -655.1359
transform "inf14" 0.8214 0.5437 -0.1722 -0.5217 0.5942 -0.6121 -0.2305 0.5927 0.7718 555.9685 -784.8948 -655.1363
transform "inf15" 0.8214 0.5437 -0.1722 -0.5217 0.5942 -0.6121 -0.2305 0.5927 0.7718 555.9684 -784.8947 -655.1363
transform "inf18" 0.9109 0.3879 0.1409 -0.4066 0.7846 0.468 0.071 -0.4836 0.8724 401.2947 662.8221 -640.281
transform "inf13" 0.9111 0.387 0.1417 -0.41 0.8865 0.2147 -0.0425 -0.2536 0.9664 483.1928 492.7694 -696.8574
transform "inf23" 0.9111 0.387 0.1417 -0.41 0.8865 0.2147 -0.0425 -0.2536 0.9664 483.1929 492.7693 -696.8574
transform "inf12" 0.9111 0.387 0.1417 -0.41 0.8865 0.2147 -0.0425 -0.2536 0.9664 483.1929 492.7694 -696.8574
transform "inf10" 0.9111 0.387 0.1417 -0.41 0.8865 0.2147 -0.0425 -0.2536 0.9664 483.1929 492.7694 -696.8573
transform "inf11" 0.9111 0.387 0.1417 -0.41 0.8865 0.2147 -0.0425 -0.2536 0.9664 483.1929 492.7693 -696.8574
transform "inf21" 0.6271 0.7718 0.1055 -0.7773 0.6289 0.0199 -0.051 -0.0944 0.9942 650.9349 -87.1492 -732.1612
transform "inf" 1 0 0 0 1 0 0 0 1 419.955 -17.0808 -699.1287
front 411.2416 -17.0815 -699.1288 8480.6865

frame 16
transform "inf22" 1 0 0 0 1 0 0 0 1 402.5282 -17.0808 -699.1287
transform "inf09" 1 0 0 0 1 0 0 0 1 402.5282 -17.0808 -699.1287
transform "inf08" 1 0 0 0 1 0 0 0 1 402.5282 -17.0809 -699.1287
transform "inf06" 1 0 0 0 1 0 0 0 1 392.2831 -17.0807 -699.1287
transform "inf03" 1 0 0 0 1 0 0 0 1 402.5282 -17.0805 -699.1288
transform "inf01" 1 0 0 0 1 0 0 0 1 402.5282 -17.0802 -699.1288
transform "inf07" 1 0 0 0 1 0 0 0 1 402.5282 -17.0809 -699.1287
transform "inf05" 1 0 0 0 1 0 0 0 1 402.5282 -17.0807 -699.1286
transform "inf04" 1 0 0 0 1 0 0 0 1 402.5281 -17.0805 -699.1285
transform "inf02" 1 0 0 0 1 0 0 0 1 402.5281 -17.0802 -699.1285
transform "inf20" 0.9315 0.3636 0.0022 -0.358 0.916 0.1808 0.0637 -0.1692 0.9835 397.0168 85.2792 -705.1824
transform "inf19" 0.8484 0.5068 -0.1529 -0.5248 0.8432 -0.1168 0.0697 0.1793 0.9813 312.142 -426.0049 -838.8708
transform "inf17" 0.8484 0.5068 -0.1529 -0.4968 0.6623 -0.5609 -0.183 0.5518 0.8137 521.5894 -727.1344 -674.9498
transform "inf24" 0.8484 0.5068 -0.1529 -0.4968 0.6623 -0.5609 -0.183 0.5518 0.8137 521.5895 -727.1345 -674.9497
transform "inf16" 0.8484 0.5068 -0.1529 -0.4968 0.6623 -0.5609 -0.183 0.5518 0.8137 521.5895 -727.1344 -674.9495
transform "inf14" 0.8484 0.5068 -0.1529 -0.4968 0.6623 -0.5609 -0.183 0.5518 0.8137 521.5895 -727.1345 -674.9498
transform "inf15" 0.8484 0.5068 -0.1529 -0.4968 0.6623 -0.5609 -0.183 0.5518 0.8137 521.5894 -727.1344 -674.9498
transform "inf18" 0.9216 0.3657 0.1301 -0.3836 0.807 0.4491 0.0592 -0.4638 0.884 415.5732 630.0259 -652.3645
transform "inf13" 0.9218 0.3649 0.1308 -0.3858 0.896 0.2199 -0.0369 -0.2532 0.9667 484.9294 474.4923 -701.9238
transform "inf23" 0.9218 0.3649 0.1308 -0.3858 0.896 0.2199 -0.0369 -0.2532 0.9667 484.9295 474.4922 -701.9238
transform "inf12" 0.9218 0.3649 0.1308 -0.3858 0.896 0.2199 -0.0369 -0.2532 0.9667 484.9295 474.4923 -701.9238
transform "inf10" 0.9218 0.3649 0.1308 -0.3858 0.896 0.2199 -0.0369 -0.2532 0.9667 484.9295 474.4923 -701.9237
transform "inf11" 0.9218 0.3649 0.1308 -0.3858 0.896 0.2199 -0.0369 -0.2532 0.9667 484.9295 474.4922 -701.9238
transform "inf21" 0.8614 0.505 0.0542 -0.5079 0.857 0.0875 -0.0023 -0.1029 0.9947 534.2913 -54.1931 -729.3146
transform "inf" 1 0 0 0 1 0 0 0 1 419.955 -17.0808 -699.1287
front 411.2416 -17.0815 -699.1288 8480.6865

frame 17
transform "inf22" 1 0 0 0 1 0 0 0 1 402.5282 -17.0808 -699.1287
transform "inf09" 1 0 0 0 1 0 0 0 1 402.5282 -17.0808 -699.1287
transform "inf08" 1 0 0 0 1 0 0 0 1 402.5282 -17.0809 -699.1287
transform "inf06" 1 0 0 0 1 0 0 0 1 392.2831 -17.0807 -699.1287
transform "inf03" 1 0 0 0 1 0 0 0 1 402.5282 -17.0805 -699.1288
transform "inf01" 1 0 0 0 1 0 0 0 1 402.5282 -17.0802 -699.1288
transform "inf07" 1 0 0 0 1 0 0 0 1 402.5282 -17.0809 -699.1287
transform "inf05" 1 0 0 0 1 0 0 0 1 402.5282 -17.0807 -699.1286
transform "inf04" 1 0 0 0 1 0 0 0 1 402.5281 -17.0805 -699.1285
transform "inf02" 1 0 0 0 1 0 0 0 1 402.5281 -17.0802 -699.1285
transform "inf20" 0.9415 0.3371 -0.0011 -0.3319 0.9276 0.1713 0.0588 -0.1609 0.9852 397.4166 79.9359 -705.2738
transform "inf19" 0.8746 0.4659 -0.1339 -0.4793 0.8724 -0.0952 0.0724 0.1475 0.9864 312.9939 -370.5804 -825.3441
transform "inf17" 0.8746 0.4659 -0.1339 -0.4657 0.7308 -0.499 -0.1346 0.4988 0.8562 485.1218 -656.194 -694.8423
transform "inf24" 0.8746 0.4659 -0.1339 -0.4657 0.7308 -0.499 -0.1346 0.4988 0.8562 485.1219 -656.1943 -694.8422
transform "inf16" 0.8746 0.4659 -0.1339 -0.4657 0.7308 -0.499 -0.1346 0.4988 0.8562 485.1219 -656.1941 -694.842
transform "inf14" 0.8746 0.4659 -0.1339 -0.4657 0.7308 -0.499 -0.1346 0.4988 0.8562 485.1219 -656.1942 -694.8424
transform "inf15" 0.8746 0.4659 -0.1339 -0.4657 0.7308 -0.499 -0.1346 0.4988 0.8562 485.1219 -656.1941 -694.8424
transform "inf18" 0.9325 0.3419 0.1164 -0.3581 0.8338 0.4201 0.0466 -0.4334 0.9 429.2146 580.8867 -668.252
transform "inf13" 0.9327 0.3412 0.117 -0.3593 0.9077 0.2169 -0.0322 -0.2443 0.9692 486.0198 441.4422 -709.1906
transform "inf23" 0.9327 0.3412 0.117 -0.3593 0.9077 0.2169 -0.0322 -0.2443 0.9692 486.0199 441.442 -709.1906
transform "inf12" 0.9327 0.3412 0.117 -0.3593 0.9077 0.2169 -0.0322 -0.2443 0.9692 486.0198 441.4422 -709.1906
transform "inf10" 0.9327 0.3412 0.117 -0.3593 0.9077 0.2169 -0.0322 -0.2443 0.9692 486.0198 441.4421 -709.1906
